ZONE alpha = 0.5" 
  0.00    1.2250  3401.7407  101325.0000  288.2031   
  0.02    1.2250  3401.7407  101325.0000  288.2031   
  0.04    1.2250  3401.7407  101325.0000  288.2031   
  0.06    1.2250  3401.7407  101324.9999  288.2031   
  0.08    1.2250  3401.7407  101325.0003  288.2031   
  0.10    1.2250  3401.7407  101324.9991  288.2031   
  0.12    1.2250  3401.7407  101325.0028  288.2031   
  0.14    1.2250  3401.7407  101324.9915  288.2031   
  0.16    1.2250  3401.7408  101325.0256  288.2031   
  0.18    1.2250  3401.7406  101324.9224  288.2029   
  0.20    1.2250  3401.7412  101325.2359  288.2036   
  0.22    1.2250  3401.7392  101324.2795  288.2015   
  0.24    1.2250  3401.7451  101327.2143  288.2082   
  0.26    1.2250  3401.7281  101318.1385  288.1862   
  0.28    1.2250  3401.7766  101346.4884  288.2595   
  0.30    1.2250  3401.6421  101256.7793  288.0134   
  0.32    1.2249  3401.9995  101545.0936  288.8443   
  0.34    1.2255  3401.1186  100599.8662  286.0207   
  0.36    1.2227  3402.9733  103762.5327  295.6802   
  0.38    1.2326  3400.6992  92898.2761  262.6019   
  0.40    1.2060  3393.6474  131397.0081  379.6340   
  0.42    1.2458  3464.6145  -2239.2813   -6.2631   
  0.44    1.9715  2726.7288  925963.0907  1636.5049   
  0.46    3.5902  1667.1885  4129666.8730  4007.8328   
  0.48    5.2620  1040.0808  7791510.0768  5159.3244   
  0.50    6.2900  759.9208  10140159.7463  5617.0626   
  0.52    6.7441  652.1444  11198172.6310  5785.5029   
  0.54    6.9126  614.1534  11594067.8453  5844.0153   
  0.56    6.9707  601.2902  11730939.2399  5863.7331   
  0.58    6.9902  597.0013  11776898.6281  5870.2974   
  0.60    6.9967  595.5788  11792176.8779  5872.4733   
  0.62    6.9988  595.1079  11797238.7560  5873.1936   
  0.64    6.9995  594.9521  11798913.9655  5873.4319   
  0.66    6.9998  594.9006  11799468.1857  5873.5107   
  0.68    6.9998  594.8835  11799651.5413  5873.5367   
  0.70    6.9999  594.8779  11799712.2212  5873.5454   
  0.72    6.9999  594.8760  11799732.3246  5873.5482   
  0.74    6.9999  594.8754  11799739.0071  5873.5492   
  0.76    6.9999  594.8752  11799741.2507  5873.5495   
  0.78    6.9999  594.8751  11799742.0261  5873.5496   
  0.80    6.9999  594.8751  11799742.3159  5873.5496   
  0.82    6.9999  594.8751  11799742.4450  5873.5496   
  0.84    6.9999  594.8751  11799742.5208  5873.5497   
  0.86    6.9999  594.8751  11799742.5788  5873.5497   
  0.88    6.9999  594.8751  11799742.6306  5873.5497   
  0.90    6.9999  594.8751  11799742.6799  5873.5497   
  0.92    6.9999  594.8751  11799742.7280  5873.5497   
  0.94    6.9999  594.8751  11799742.7752  5873.5497   
  0.96    6.9999  594.8750  11799742.8215  5873.5497   
  0.98    6.9999  594.8750  11799742.8669  5873.5497   
  1.00    6.9999  594.8750  11799742.9112  5873.5497   
  1.02    6.9999  594.8750  11799742.9544  5873.5497   
  1.04    6.9999  594.8750  11799742.9963  5873.5497   
  1.06    6.9999  594.8750  11799743.0369  5873.5497   
  1.08    6.9999  594.8750  11799743.0761  5873.5497   
  1.10    6.9999  594.8750  11799743.1138  5873.5497   
  1.12    6.9999  594.8750  11799743.1500  5873.5497   
  1.14    6.9999  594.8750  11799743.1845  5873.5497   
  1.16    6.9999  594.8750  11799743.2172  5873.5497   
  1.18    6.9999  594.8750  11799743.2482  5873.5497   
  1.20    6.9999  594.8750  11799743.2774  5873.5497   
  1.22    6.9999  594.8750  11799743.3047  5873.5498   
  1.24    6.9999  594.8750  11799743.3301  5873.5498   
  1.26    6.9999  594.8750  11799743.3535  5873.5498   
  1.28    6.9999  594.8750  11799743.3751  5873.5498   
  1.30    6.9999  594.8750  11799743.3946  5873.5498   
  1.32    6.9999  594.8750  11799743.4122  5873.5498   
  1.34    6.9999  594.8750  11799743.4278  5873.5498   
  1.36    6.9999  594.8750  11799743.4415  5873.5498   
  1.38    6.9999  594.8750  11799743.4532  5873.5498   
  1.40    6.9999  594.8750  11799743.4631  5873.5498   
  1.42    6.9999  594.8750  11799743.4711  5873.5498   
  1.44    6.9999  594.8750  11799743.4772  5873.5498   
  1.46    6.9999  594.8750  11799743.4816  5873.5498   
  1.48    6.9999  594.8750  11799743.4843  5873.5498   
  1.50    6.9999  594.8750  11799743.4853  5873.5498   
  1.52    6.9999  594.8750  11799743.4847  5873.5498   
  1.54    6.9999  594.8750  11799743.4826  5873.5498   
  1.56    6.9999  594.8750  11799743.4791  5873.5498   
  1.58    6.9999  594.8750  11799743.4742  5873.5498   
  1.60    6.9999  594.8750  11799743.4681  5873.5498   
  1.62    6.9999  594.8750  11799743.4607  5873.5498   
  1.64    6.9999  594.8750  11799743.4522  5873.5498   
  1.66    6.9999  594.8750  11799743.4428  5873.5498   
  1.68    6.9999  594.8750  11799743.4323  5873.5498   
  1.70    6.9999  594.8750  11799743.4211  5873.5498   
  1.72    6.9999  594.8750  11799743.4091  5873.5498   
  1.74    6.9999  594.8750  11799743.3964  5873.5498   
  1.76    6.9999  594.8750  11799743.3832  5873.5498   
  1.78    6.9999  594.8750  11799743.3695  5873.5498   
  1.80    6.9999  594.8750  11799743.3553  5873.5497   
  1.82    6.9999  594.8750  11799743.3409  5873.5497   
  1.84    6.9999  594.8750  11799743.3262  5873.5497   
  1.86    6.9999  594.8750  11799743.3113  5873.5497   
  1.88    6.9999  594.8750  11799743.2963  5873.5497   
  1.90    6.9999  594.8750  11799743.2813  5873.5497   
  1.92    6.9999  594.8750  11799743.2663  5873.5497   
  1.94    6.9999  594.8750  11799743.2514  5873.5497   
  1.96    6.9999  594.8750  11799743.2367  5873.5497   
  1.98    6.9999  594.8750  11799743.2221  5873.5497   
  2.01    6.9999  594.8750  11799743.2078  5873.5497   
  2.03    6.9999  594.8750  11799743.1938  5873.5497   
  2.05    6.9999  594.8750  11799743.1801  5873.5497   
  2.07    6.9999  594.8750  11799743.1667  5873.5497   
  2.09    6.9999  594.8750  11799743.1537  5873.5497   
  2.11    6.9999  594.8750  11799743.1412  5873.5497   
  2.13    6.9999  594.8750  11799743.1291  5873.5497   
  2.15    6.9999  594.8750  11799743.1174  5873.5497   
  2.17    6.9999  594.8750  11799743.1062  5873.5497   
  2.19    6.9999  594.8750  11799743.0954  5873.5497   
  2.21    6.9999  594.8750  11799743.0852  5873.5497   
  2.23    6.9999  594.8750  11799743.0754  5873.5497   
  2.25    6.9999  594.8750  11799743.0661  5873.5497   
  2.27    6.9999  594.8750  11799743.0573  5873.5497   
  2.29    6.9999  594.8750  11799743.0490  5873.5497   
  2.31    6.9999  594.8750  11799743.0411  5873.5497   
  2.33    6.9999  594.8750  11799743.0337  5873.5497   
  2.35    6.9999  594.8750  11799743.0268  5873.5497   
  2.37    6.9999  594.8750  11799743.0203  5873.5497   
  2.39    6.9999  594.8750  11799743.0142  5873.5497   
  2.41    6.9999  594.8750  11799743.0086  5873.5496   
  2.43    6.9999  594.8750  11799743.0034  5873.5496   
  2.45    6.9999  594.8750  11799742.9985  5873.5496   
  2.47    6.9999  594.8750  11799742.9941  5873.5496   
  2.49    6.9999  594.8750  11799742.9900  5873.5496   
  2.51    6.9999  594.8750  11799742.9862  5873.5496   
  2.53    6.9999  594.8750  11799742.9827  5873.5496   
  2.55    6.9999  594.8750  11799742.9796  5873.5496   
  2.57    6.9999  594.8750  11799742.9767  5873.5496   
  2.59    6.9999  594.8750  11799742.9742  5873.5496   
  2.61    6.9999  594.8750  11799742.9718  5873.5496   
  2.63    6.9999  594.8750  11799742.9698  5873.5496   
  2.65    6.9999  594.8750  11799742.9679  5873.5496   
  2.67    6.9999  594.8750  11799742.9663  5873.5496   
  2.69    6.9999  594.8750  11799742.9648  5873.5496   
  2.71    6.9999  594.8750  11799742.9636  5873.5496   
  2.73    6.9999  594.8750  11799742.9625  5873.5496   
  2.75    6.9999  594.8750  11799742.9615  5873.5496   
  2.77    6.9999  594.8751  11799742.9607  5873.5496   
  2.79    6.9999  594.8751  11799742.9601  5873.5496   
  2.81    6.9999  594.8751  11799742.9595  5873.5496   
  2.83    6.9999  594.8751  11799742.9591  5873.5496   
  2.85    6.9999  594.8751  11799742.9588  5873.5496   
  2.87    6.9999  594.8751  11799742.9585  5873.5496   
  2.89    6.9999  594.8751  11799742.9584  5873.5496   
  2.91    6.9999  594.8751  11799742.9583  5873.5496   
  2.93    6.9999  594.8751  11799742.9583  5873.5495   
  2.95    6.9999  594.8751  11799742.9584  5873.5495   
  2.97    6.9999  594.8751  11799742.9585  5873.5495   
  2.99    6.9999  594.8751  11799742.9587  5873.5495   
  3.01    6.9999  594.8751  11799742.9589  5873.5495   
  3.03    6.9999  594.8751  11799742.9591  5873.5495   
  3.05    6.9999  594.8751  11799742.9594  5873.5495   
  3.07    6.9999  594.8751  11799742.9598  5873.5495   
  3.09    6.9999  594.8751  11799742.9601  5873.5495   
  3.11    6.9999  594.8751  11799742.9605  5873.5495   
  3.13    6.9999  594.8751  11799742.9609  5873.5495   
  3.15    6.9999  594.8751  11799742.9614  5873.5495   
  3.17    6.9999  594.8751  11799742.9618  5873.5495   
  3.19    6.9999  594.8751  11799742.9623  5873.5495   
  3.21    6.9999  594.8751  11799742.9628  5873.5495   
  3.23    6.9999  594.8751  11799742.9633  5873.5495   
  3.25    6.9999  594.8751  11799742.9638  5873.5495   
  3.27    6.9999  594.8751  11799742.9643  5873.5495   
  3.29    6.9999  594.8751  11799742.9649  5873.5494   
  3.31    6.9999  594.8751  11799742.9654  5873.5494   
  3.33    6.9999  594.8751  11799742.9659  5873.5494   
  3.35    6.9999  594.8751  11799742.9665  5873.5494   
  3.37    6.9999  594.8751  11799742.9671  5873.5494   
  3.39    6.9999  594.8751  11799742.9676  5873.5494   
  3.41    6.9999  594.8751  11799742.9682  5873.5494   
  3.43    6.9999  594.8751  11799742.9688  5873.5494   
  3.45    6.9999  594.8751  11799742.9693  5873.5494   
  3.47    6.9999  594.8751  11799742.9699  5873.5494   
  3.49    6.9999  594.8751  11799742.9705  5873.5494   
  3.51    6.9999  594.8751  11799742.9711  5873.5494   
  3.53    6.9999  594.8751  11799742.9717  5873.5494   
  3.55    6.9999  594.8751  11799742.9723  5873.5494   
  3.57    6.9999  594.8751  11799742.9728  5873.5494   
  3.59    6.9999  594.8751  11799742.9734  5873.5493   
  3.61    6.9999  594.8751  11799742.9740  5873.5493   
  3.63    6.9999  594.8751  11799742.9746  5873.5493   
  3.65    6.9999  594.8751  11799742.9752  5873.5493   
  3.67    6.9999  594.8751  11799742.9758  5873.5493   
  3.69    6.9999  594.8751  11799742.9764  5873.5493   
  3.71    6.9999  594.8751  11799742.9770  5873.5493   
  3.73    6.9999  594.8751  11799742.9776  5873.5493   
  3.75    6.9999  594.8751  11799742.9782  5873.5493   
  3.77    6.9999  594.8751  11799742.9788  5873.5493   
  3.79    6.9999  594.8751  11799742.9794  5873.5494   
  3.81    6.9999  594.8751  11799742.9800  5873.5494   
  3.83    6.9999  594.8751  11799742.9806  5873.5494   
  3.85    6.9999  594.8751  11799742.9813  5873.5494   
  3.87    6.9999  594.8751  11799742.9819  5873.5494   
  3.89    6.9999  594.8751  11799742.9825  5873.5495   
  3.91    6.9999  594.8751  11799742.9831  5873.5495   
  3.93    6.9999  594.8751  11799742.9837  5873.5496   
  3.95    6.9999  594.8751  11799742.9843  5873.5496   
  3.97    6.9999  594.8751  11799742.9849  5873.5497   
  3.99    6.9999  594.8751  11799742.9855  5873.5498   
  4.01    6.9999  594.8751  11799742.9862  5873.5498   
  4.03    6.9999  594.8751  11799742.9868  5873.5500   
  4.05    6.9999  594.8751  11799742.9874  5873.5501   
  4.07    6.9999  594.8751  11799742.9880  5873.5502   
  4.09    6.9999  594.8751  11799742.9886  5873.5504   
  4.11    6.9999  594.8751  11799742.9892  5873.5506   
  4.13    6.9999  594.8751  11799742.9899  5873.5508   
  4.15    6.9999  594.8751  11799742.9905  5873.5511   
  4.17    6.9999  594.8751  11799742.9911  5873.5514   
  4.19    6.9999  594.8751  11799742.9917  5873.5518   
  4.21    6.9999  594.8751  11799742.9924  5873.5522   
  4.23    6.9999  594.8751  11799742.9930  5873.5526   
  4.25    6.9999  594.8751  11799742.9936  5873.5532   
  4.27    6.9999  594.8751  11799742.9943  5873.5538   
  4.29    6.9999  594.8751  11799742.9949  5873.5544   
  4.31    6.9999  594.8751  11799742.9955  5873.5552   
  4.33    6.9999  594.8751  11799742.9961  5873.5561   
  4.35    6.9999  594.8751  11799742.9968  5873.5571   
  4.37    6.9999  594.8751  11799742.9974  5873.5582   
  4.39    6.9999  594.8751  11799742.9980  5873.5595   
  4.41    6.9999  594.8751  11799742.9987  5873.5610   
  4.43    6.9999  594.8751  11799742.9993  5873.5626   
  4.45    6.9999  594.8751  11799743.0000  5873.5645   
  4.47    6.9999  594.8751  11799743.0006  5873.5665   
  4.49    6.9998  594.8751  11799743.0012  5873.5689   
  4.51    6.9998  594.8751  11799743.0019  5873.5715   
  4.53    6.9998  594.8751  11799743.0025  5873.5744   
  4.55    6.9998  594.8751  11799743.0032  5873.5777   
  4.57    6.9998  594.8751  11799743.0038  5873.5814   
  4.59    6.9998  594.8751  11799743.0045  5873.5855   
  4.61    6.9998  594.8751  11799743.0051  5873.5900   
  4.63    6.9998  594.8751  11799743.0057  5873.5951   
  4.65    6.9998  594.8751  11799743.0064  5873.6008   
  4.67    6.9998  594.8751  11799743.0070  5873.6071   
  4.69    6.9998  594.8751  11799743.0077  5873.6141   
  4.71    6.9998  594.8751  11799743.0083  5873.6218   
  4.73    6.9998  594.8751  11799743.0090  5873.6304   
  4.75    6.9998  594.8751  11799743.0097  5873.6399   
  4.77    6.9998  594.8751  11799743.0103  5873.6504   
  4.79    6.9997  594.8751  11799743.0110  5873.6619   
  4.81    6.9997  594.8751  11799743.0116  5873.6747   
  4.83    6.9997  594.8751  11799743.0123  5873.6887   
  4.85    6.9997  594.8751  11799743.0129  5873.7042   
  4.87    6.9997  594.8751  11799743.0136  5873.7212   
  4.89    6.9996  594.8751  11799743.0143  5873.7398   
  4.91    6.9996  594.8751  11799743.0149  5873.7602   
  4.93    6.9996  594.8751  11799743.0156  5873.7825   
  4.95    6.9996  594.8751  11799743.0163  5873.8070   
  4.97    6.9995  594.8751  11799743.0169  5873.8336   
  4.99    6.9995  594.8751  11799743.0176  5873.8627   
  5.01    6.9995  594.8751  11799743.0183  5873.8944   
  5.03    6.9994  594.8751  11799743.0189  5873.9289   
  5.05    6.9994  594.8751  11799743.0196  5873.9664   
  5.07    6.9993  594.8751  11799743.0203  5874.0072   
  5.09    6.9993  594.8751  11799743.0209  5874.0513   
  5.11    6.9992  594.8751  11799743.0216  5874.0992   
  5.13    6.9992  594.8751  11799743.0223  5874.1509   
  5.15    6.9991  594.8751  11799743.0230  5874.2069   
  5.17    6.9990  594.8751  11799743.0237  5874.2672   
  5.19    6.9989  594.8751  11799743.0243  5874.3323   
  5.21    6.9989  594.8751  11799743.0250  5874.4024   
  5.23    6.9988  594.8751  11799743.0257  5874.4778   
  5.25    6.9987  594.8751  11799743.0264  5874.5588   
  5.27    6.9986  594.8751  11799743.0271  5874.6457   
  5.29    6.9985  594.8751  11799743.0278  5874.7388   
  5.31    6.9983  594.8751  11799743.0284  5874.8385   
  5.33    6.9982  594.8751  11799743.0291  5874.9451   
  5.35    6.9981  594.8751  11799743.0298  5875.0589   
  5.37    6.9979  594.8751  11799743.0305  5875.1803   
  5.39    6.9978  594.8751  11799743.0312  5875.3096   
  5.41    6.9976  594.8751  11799743.0319  5875.4471   
  5.43    6.9974  594.8751  11799743.0326  5875.5933   
  5.45    6.9973  594.8751  11799743.0333  5875.7485   
  5.47    6.9971  594.8751  11799743.0340  5875.9129   
  5.49    6.9968  594.8751  11799743.0347  5876.0871   
  5.51    6.9966  594.8751  11799743.0354  5876.2712   
  5.53    6.9964  594.8751  11799743.0361  5876.4657   
  5.55    6.9962  594.8751  11799743.0368  5876.6708   
  5.57    6.9959  594.8751  11799743.0375  5876.8868   
  5.59    6.9956  594.8751  11799743.0382  5877.1142   
  5.61    6.9953  594.8751  11799743.0389  5877.3530   
  5.63    6.9950  594.8751  11799743.0396  5877.6037   
  5.65    6.9947  594.8751  11799743.0403  5877.8664   
  5.67    6.9944  594.8751  11799743.0410  5878.1414   
  5.69    6.9941  594.8751  11799743.0417  5878.4289   
  5.71    6.9937  594.8751  11799743.0425  5878.7290   
  5.73    6.9933  594.8751  11799743.0432  5879.0419   
  5.75    6.9929  594.8751  11799743.0439  5879.3677   
  5.77    6.9925  594.8751  11799743.0446  5879.7064   
  5.79    6.9921  594.8751  11799743.0453  5880.0582   
  5.81    6.9917  594.8751  11799743.0461  5880.4230   
  5.83    6.9912  594.8751  11799743.0468  5880.8007   
  5.85    6.9908  594.8751  11799743.0475  5881.1913   
  5.87    6.9903  594.8751  11799743.0482  5881.5947   
  5.89    6.9898  594.8751  11799743.0490  5882.0107   
  5.91    6.9893  594.8751  11799743.0497  5882.4390   
  5.93    6.9888  594.8751  11799743.0504  5882.8794   
  5.95    6.9882  594.8751  11799743.0512  5883.3316   
  5.97    6.9877  594.8751  11799743.0519  5883.7952   
  5.99    6.9871  594.8751  11799743.0526  5884.2698   
  6.02    6.9865  594.8751  11799743.0534  5884.7548   
  6.04    6.9860  594.8751  11799743.0541  5885.2497   
  6.06    6.9854  594.8751  11799743.0549  5885.7541   
  6.08    6.9847  594.8751  11799743.0556  5886.2671   
  6.10    6.9841  594.8751  11799743.0564  5886.7881   
  6.12    6.9835  594.8751  11799743.0571  5887.3163   
  6.14    6.9829  594.8751  11799743.0579  5887.8510   
  6.16    6.9822  594.8751  11799743.0587  5888.3912   
  6.18    6.9816  594.8751  11799743.0594  5888.9362   
  6.20    6.9809  594.8751  11799743.0602  5889.4848   
  6.22    6.9803  594.8751  11799743.0610  5890.0361   
  6.24    6.9796  594.8751  11799743.0617  5890.5891   
  6.26    6.9790  594.8751  11799743.0625  5891.1427   
  6.28    6.9783  594.8751  11799743.0633  5891.6957   
  6.30    6.9777  594.8751  11799743.0641  5892.2470   
  6.32    6.9770  594.8751  11799743.0649  5892.7955   
  6.34    6.9764  594.8751  11799743.0657  5893.3398   
  6.36    6.9757  594.8751  11799743.0664  5893.8788   
  6.38    6.9751  594.8751  11799743.0672  5894.4113   
  6.40    6.9745  594.8751  11799743.0681  5894.9359   
  6.42    6.9739  594.8751  11799743.0689  5895.4514   
  6.44    6.9733  594.8751  11799743.0697  5895.9565   
  6.46    6.9727  594.8751  11799743.0705  5896.4499   
  6.48    6.9721  594.8751  11799743.0713  5896.9305   
  6.50    6.9716  594.8751  11799743.0722  5897.3969   
  6.52    6.9710  594.8751  11799743.0730  5897.8480   
  6.54    6.9705  594.8751  11799743.0739  5898.2825   
  6.56    6.9700  594.8751  11799743.0747  5898.6993   
  6.58    6.9696  594.8751  11799743.0756  5899.0972   
  6.60    6.9691  594.8751  11799743.0764  5899.4751   
  6.62    6.9687  594.8751  11799743.0773  5899.8321   
  6.64    6.9683  594.8751  11799743.0782  5900.1670   
  6.66    6.9679  594.8751  11799743.0791  5900.4790   
  6.68    6.9676  594.8751  11799743.0800  5900.7672   
  6.70    6.9673  594.8751  11799743.0809  5901.0308   
  6.72    6.9670  594.8751  11799743.0818  5901.2690   
  6.74    6.9667  594.8751  11799743.0827  5901.4811   
  6.76    6.9665  594.8751  11799743.0837  5901.6666   
  6.78    6.9663  594.8751  11799743.0846  5901.8250   
  6.80    6.9662  594.8751  11799743.0856  5901.9558   
  6.82    6.9661  594.8751  11799743.0866  5902.0586   
  6.84    6.9660  594.8751  11799743.0876  5902.1332   
  6.86    6.9659  594.8751  11799743.0886  5902.1794   
  6.88    6.9659  594.8751  11799743.0896  5902.1971   
  6.90    6.9659  594.8751  11799743.0906  5902.1864   
  6.92    6.9660  594.8751  11799743.0917  5902.1472   
  6.94    6.9660  594.8751  11799743.0927  5902.0798   
  6.96    6.9661  594.8751  11799743.0938  5901.9845   
  6.98    6.9663  594.8751  11799743.0949  5901.8615   
  7.00    6.9665  594.8751  11799743.0960  5901.7112   
  7.02    6.9667  594.8751  11799743.0971  5901.5343   
  7.04    6.9669  594.8751  11799743.0983  5901.3312   
  7.06    6.9672  594.8751  11799743.0994  5901.1027   
  7.08    6.9675  594.8751  11799743.1006  5900.8494   
  7.10    6.9678  594.8751  11799743.1018  5900.5722   
  7.12    6.9682  594.8751  11799743.1031  5900.2719   
  7.14    6.9685  594.8751  11799743.1043  5899.9494   
  7.16    6.9690  594.8751  11799743.1056  5899.6058   
  7.18    6.9694  594.8751  11799743.1069  5899.2420   
  7.20    6.9698  594.8751  11799743.1082  5898.8591   
  7.22    6.9703  594.8751  11799743.1096  5898.4582   
  7.24    6.9708  594.8751  11799743.1109  5898.0405   
  7.26    6.9713  594.8751  11799743.1123  5897.6071   
  7.28    6.9718  594.8751  11799743.1138  5897.1593   
  7.30    6.9724  594.8751  11799743.1152  5896.6983   
  7.32    6.9730  594.8751  11799743.1167  5896.2253   
  7.34    6.9735  594.8751  11799743.1182  5895.7415   
  7.36    6.9741  594.8751  11799743.1198  5895.2482   
  7.38    6.9747  594.8751  11799743.1214  5894.7466   
  7.40    6.9753  594.8751  11799743.1230  5894.2380   
  7.42    6.9759  594.8751  11799743.1246  5893.7235   
  7.44    6.9765  594.8751  11799743.1263  5893.2045   
  7.46    6.9771  594.8751  11799743.1280  5892.6820   
  7.48    6.9778  594.8751  11799743.1298  5892.1573   
  7.50    6.9784  594.8751  11799743.1315  5891.6314   
  7.52    6.9790  594.8751  11799743.1334  5891.1055   
  7.54    6.9796  594.8751  11799743.1352  5890.5807   
  7.56    6.9803  594.8751  11799743.1371  5890.0579   
  7.58    6.9809  594.8751  11799743.1391  5889.5381   
  7.60    6.9815  594.8751  11799743.1411  5889.0223   
  7.62    6.9821  594.8751  11799743.1431  5888.5114   
  7.64    6.9827  594.8751  11799743.1451  5888.0062   
  7.66    6.9833  594.8751  11799743.1473  5887.5075   
  7.68    6.9839  594.8751  11799743.1494  5887.0161   
  7.70    6.9844  594.8751  11799743.1516  5886.5325   
  7.72    6.9850  594.8751  11799743.1538  5886.0575   
  7.74    6.9855  594.8751  11799743.1561  5885.5915   
  7.76    6.9861  594.8751  11799743.1584  5885.1350   
  7.78    6.9866  594.8751  11799743.1608  5884.6881   
  7.80    6.9871  594.8751  11799743.1632  5884.2508   
  7.82    6.9876  594.8751  11799743.1657  5883.8222   
  7.84    6.9882  594.8751  11799743.1682  5883.4004   
  7.86    6.9886  594.8751  11799743.1707  5882.9807   
  7.88    6.9892  594.8751  11799743.1737  5882.5535   
  7.90    6.9897  594.8751  11799743.1705  5882.0984   
  7.92    6.9903  594.8751  11799743.2619  5881.5739   
  7.94    6.9911  594.8749  11799741.9039  5880.8943   
  7.96    6.9923  594.8769  11799762.7796  5879.8884   
  7.98    6.9942  594.8471  11799442.3651  5878.1479   
  8.00    7.0000  595.3046  11804362.5000  5875.7404   
