      100  0.9930E+01   200     3
      200  0.7499E+01   132     7
      300  0.6959E+01   182    12
      400  0.6235E+01   201    17
      500  0.5474E+01   187    21
      600  0.4209E+01   198    26
      700  0.3386E+01   198    30
      800  0.2848E+01   194    32
      900  0.2681E+01   185    33
     1000  0.2298E+01   144    22
     1100  0.3482E+01   199    42
     1200  0.2434E+01   200    45
     1300  0.1867E+01   191    44
     1400  0.1721E+01   180    41
     1500  0.1395E+01   174    39
     1600  0.1290E+01   164    35
     1700  0.1054E+01   187    47
     1800  0.1095E+01   154    31
     1900  0.7820E+00   160    34
     2000  0.5745E+00   199    57
     2100  0.4329E+00   194    54
     2200  0.5841E+00   190    51
     2300  0.3660E+00   201    59
     2400  0.2947E+00   195    55
     2500  0.3248E+00   189    51
     2600  0.5213E+00   199    61
     2700  0.5906E+00   192    54
     2800  0.1124E+00   200    60
     2900  0.1408E+00   201    61
     3000  0.2755E+00   196    57
     3100  0.5657E-01   201    61
     3200  0.4515E-01   199    60
     3300  0.3356E-01   199    60
     3400  0.3929E+00   197    58
     3500  0.1770E-01   200    61
     3600  0.1236E-01   201    61
     3700  0.7915E-02   201    61
     3800  0.4723E-02   201    61
     3900  0.2544E-02   201    61
     4000  0.1202E-02   201    61
     4100  0.4789E-03   201    61
     4200  0.1503E-03   201    61
     4300  0.3401E-04   201    57
     4400  0.1218E-04   199    60
     4500  0.7329E-05   201    61
     4600  0.3259E-05   201    57
     4700  0.2410E-05   201    60
     4800  0.1765E-05   201    60
     4900  0.2366E-05   201    60
     5000  0.3814E-05   200    60
     5100  0.3019E-05   201    58
     5200  0.1627E-05   201    51
     5300  0.2326E-05   201    61
     5400  0.1516E-05   201    58
     5500  0.2474E-05   201    58
     5600  0.3608E-05   201    51
     5700  0.2085E-05   188    51
     5800  0.2469E-05   201    60
     5900  0.1943E-05   201    56
     6000  0.1824E-05   198    50
     6100  0.2948E-05   198    59
     6200  0.2142E-05   201    64
     6300  0.1964E-05   200    62
     6400  0.2604E-05   201    57
     6500  0.3099E-05   201    60
     6600  0.1725E-05   201    68
     6700  0.1958E-05   201    60
     6800  0.1518E-05   201    61
     6900  0.2454E-05   201    62
     7000  0.1673E-05   201    63
     7100  0.2382E-05   201    65
     7200  0.2088E-05   201    51
     7300  0.2021E-05   201    61
     7400  0.2213E-05   201    61
     7500  0.2124E-05   201    60
     7600  0.1758E-05   201    59
     7700  0.1805E-05   196    46
     7800  0.1662E-05   201    62
     7900  0.1839E-05   201    56
     8000  0.2058E-05   201    58
     8100  0.2095E-05   196    56
     8200  0.3040E-05   201    56
     8300  0.2585E-05   201    58
     8400  0.2116E-05   201    55
     8500  0.2228E-05   201    60
     8600  0.2884E-05   201    52
     8700  0.2927E-05   201    61
     8800  0.2203E-05   201    46
     8900  0.2991E-05   201    61
     9000  0.2570E-05   196    55
     9100  0.2593E-05   201    59
     9200  0.2077E-05   201    58
     9300  0.2029E-05   201    63
     9400  0.1925E-05   201    51
     9500  0.2009E-05   201    64
     9600  0.1698E-05   201    57
     9700  0.4035E-05   201    61
     9800  0.2246E-05   201    57
     9900  0.2030E-05   201    63
    10000  0.1966E-05   201    68
    10100  0.2852E-05   201    59
    10200  0.1258E-05   201    57
    10300  0.3612E-05   201    58
    10400  0.1965E-05   191    53
    10500  0.1917E-05   201    66
    10600  0.1571E-05   201    34
    10700  0.2265E-05   192    53
    10800  0.1950E-05   201    49
    10900  0.1458E-05   201    57
    11000  0.2077E-05   201    64
    11100  0.1936E-05   201    63
    11200  0.1971E-05   201    66
    11300  0.1689E-05   201    52
    11400  0.1599E-05   201    60
    11500  0.1889E-05   201    63
    11600  0.1244E-05   201    54
    11700  0.1939E-05   191    56
    11800  0.2122E-05   201    54
    11900  0.1867E-05   201    60
    12000  0.2153E-05   201    58
    12100  0.1742E-05   193    58
    12200  0.3208E-05   201    61
    12300  0.2868E-05   201    60
    12400  0.1471E-05   198    54
    12500  0.1469E-05   201    60
    12600  0.1046E-05   196    54
    12700  0.1634E-05   201    60
    12800  0.1874E-05   201    63
    12900  0.2329E-05   201    57
    13000  0.2873E-05   201    58
    13100  0.2623E-05   201    60
    13200  0.2685E-05   201    51
    13300  0.1998E-05   201    62
    13400  0.2691E-05   201    60
    13500  0.2360E-05   201    58
    13600  0.2378E-05   201    60
    13700  0.1774E-05   201    53
    13800  0.1471E-05   201    62
    13900  0.1404E-05   201    49
    14000  0.1771E-05   201    52
    14100  0.2209E-05   201    54
    14200  0.1758E-05   195    55
    14300  0.1926E-05   201    55
    14400  0.1621E-05   201    61
    14500  0.1857E-05   201    58
    14600  0.2039E-05   201    51
    14700  0.2879E-05   200    59
    14800  0.2508E-05   201    62
    14900  0.1806E-05   201    62
    15000  0.1394E-05   201    67
    15100  0.1971E-05   201    51
    15200  0.2703E-05   201    61
    15300  0.2408E-05   201    52
    15400  0.1828E-05   199    57
    15500  0.2917E-05   201    54
    15600  0.2054E-05   201    67
    15700  0.1853E-05   201    62
    15800  0.3498E-05   201    60
    15900  0.1154E-05   201    66
    16000  0.1918E-05   201    63
    16100  0.2402E-05   201    54
    16200  0.2440E-05   196    55
    16300  0.1755E-05   201    54
    16400  0.3183E-05   199    61
    16500  0.1800E-05   201    52
    16600  0.3710E-05   201    60
    16700  0.1717E-05   201    43
    16800  0.1837E-05   199    56
    16900  0.2245E-05   201    63
    17000  0.1572E-05   201    61
    17100  0.1729E-05   198    59
    17200  0.2477E-05   186    51
    17300  0.1540E-05   196    55
    17400  0.2204E-05   200    62
    17500  0.2441E-05   201    59
    17600  0.2331E-05   201    58
    17700  0.1867E-05   198    59
    17800  0.2318E-05   201    51
    17900  0.1863E-05   201    62
    18000  0.2353E-05   198    58
    18100  0.2017E-05   201    44
    18200  0.1946E-05   201    61
    18300  0.2046E-05   201    62
    18400  0.2294E-05   201    53
    18500  0.1631E-05   201    51
    18600  0.2026E-05   201    56
    18700  0.1877E-05   199    60
    18800  0.4394E-05   201    58
    18900  0.2023E-05   201    66
    19000  0.1861E-05   201    60
    19100  0.2002E-05   201    56
    19200  0.2017E-05   201    58
    19300  0.1855E-05   199    55
    19400  0.2150E-05   201    49
    19500  0.2041E-05   201    53
    19600  0.3732E-05   197    59
    19700  0.1278E-05   201    64
    19800  0.2503E-05   201    64
    19900  0.2060E-05   201    60
    20000  0.2347E-05   201    61
    20100  0.2184E-05   201    38
    20200  0.2429E-05   201    58
    20300  0.1899E-05   201    49
    20400  0.3298E-05   201    54
    20500  0.2546E-05   197    61
    20600  0.1739E-05   201    65
    20700  0.1429E-05   201    61
    20800  0.2538E-05   201    61
    20900  0.2316E-05   201    52
    21000  0.1740E-05   201    61
    21100  0.2655E-05   201    59
    21200  0.1756E-05   201    65
    21300  0.2845E-05   201    61
    21400  0.1796E-05   201    61
    21500  0.2111E-05   201    57
    21600  0.2427E-05   201    52
    21700  0.1539E-05   201    53
    21800  0.2231E-05   201    61
    21900  0.2447E-05   201    46
    22000  0.2931E-05   194    53
    22100  0.1965E-05   201    61
    22200  0.1769E-05   201    67
    22300  0.1484E-05   201    58
    22400  0.2495E-05   193    55
    22500  0.1736E-05   201    71
    22600  0.1550E-05   201    61
    22700  0.1814E-05   201    63
    22800  0.2376E-05   201    51
    22900  0.2425E-05   201    62
    23000  0.2128E-05   201    57
    23100  0.2308E-05   201    60
    23200  0.3310E-05   199    60
    23300  0.1630E-05   201    60
    23400  0.2296E-05   201    60
    23500  0.3889E-05   200    60
    23600  0.2521E-05   201    61
    23700  0.2733E-05   201    61
    23800  0.2307E-05   201    63
    23900  0.2591E-05   201    60
    24000  0.1702E-05   201    61
    24100  0.2001E-05   201    43
    24200  0.3484E-05   201    58
    24300  0.2136E-05   197    59
    24400  0.2393E-05   201    62
    24500  0.2658E-05   201    61
    24600  0.1761E-05   196    56
    24700  0.1843E-05   201    61
    24800  0.2879E-05   200    60
    24900  0.1933E-05   201    61
    25000  0.1971E-05   199    58
    25100  0.1352E-05   201    52
    25200  0.1834E-05   201    59
    25300  0.2838E-05   201    54
    25400  0.2006E-05   196    55
    25500  0.1842E-05   199    59
    25600  0.2447E-05   199    53
    25700  0.2866E-05   201    62
    25800  0.1941E-05   201    51
    25900  0.2379E-05   201    54
    26000  0.2112E-05   201    51
    26100  0.1769E-05   201    56
    26200  0.3760E-05   201    56
    26300  0.1960E-05   196    66
    26400  0.2022E-05   201    60
    26500  0.2248E-05   201    60
    26600  0.1403E-05   201    61
    26700  0.3220E-05   201    57
    26800  0.2161E-05   201    57
    26900  0.2387E-05   201    59
    27000  0.1516E-05   201    59
    27100  0.2457E-05   201    62
    27200  0.1712E-05   201    49
    27300  0.1627E-05   201    70
    27400  0.1942E-05   201    62
    27500  0.2212E-05   200    59
    27600  0.1279E-05   194    47
    27700  0.1335E-05   201    62
    27800  0.1739E-05   201    52
    27900  0.1665E-05   201    62
    28000  0.2056E-05   201    61
    28100  0.1773E-05   201    67
    28200  0.1535E-05   201    62
    28300  0.1849E-05   201    57
    28400  0.1291E-05   201    60
    28500  0.1727E-05   195    57
    28600  0.1777E-05   201    62
    28700  0.1409E-05   201    56
    28800  0.2425E-05   201    50
    28900  0.1566E-05   201    61
    29000  0.2492E-05   201    56
    29100  0.1903E-05   201    61
    29200  0.1799E-05   201    65
    29300  0.1880E-05   201    68
    29400  0.2480E-05   201    58
    29500  0.1771E-05   201    61
    29600  0.1857E-05   201    47
    29700  0.3170E-05   201    60
    29800  0.1724E-05   201    73
    29900  0.1433E-05   196    61
    30000  0.1995E-05   199    44
