      100  0.3201E+02   172     2
      200  0.2407E+02   201     3
      300  0.9539E+01   200     2
      400  0.5905E+01   198     2
      500  0.4494E+01   178    22
      600  0.3594E+01   175    23
      700  0.3541E+01   201     7
      800  0.2608E+01   195    31
      900  0.2402E+01   179    27
     1000  0.1902E+01   199    34
     1100  0.1451E+01   196    34
     1200  0.1249E+01   185    30
     1300  0.1041E+01   180    29
     1400  0.9160E+00   198    37
     1500  0.8242E+00   201    39
     1600  0.7946E+00   191    34
     1700  0.6644E+00   197    39
     1800  0.5853E+00   192    34
     1900  0.6338E+00   186    33
     2000  0.7522E+00   188    34
     2100  0.2057E+00   200    40
     2200  0.6132E+00   192    36
     2300  0.2817E+00   201    40
     2400  0.9717E-01   201    41
     2500  0.7288E-01   201    41
     2600  0.5690E-01   201    41
     2700  0.4013E-01   201    41
     2800  0.2868E-01   201    41
     2900  0.1955E-01   201    41
     3000  0.1255E-01   201    41
     3100  0.1027E-01   201    41
     3200  0.8317E-02   201    41
     3300  0.6636E-02   201    41
     3400  0.5207E-02   201    41
     3500  0.4011E-02   201    41
     3600  0.3027E-02   201    41
     3700  0.2232E-02   201    41
     3800  0.1604E-02   201    41
     3900  0.1120E-02   201    41
     4000  0.7563E-03   201    41
     4100  0.4915E-03   201    40
     4200  0.3052E-03   201    40
     4300  0.1795E-03   201    40
     4400  0.9897E-04   201    39
     4500  0.5117E-04   201    39
     4600  0.2656E-04   201    39
     4700  0.1712E-04   198    39
     4800  0.1398E-04   199    40
     4900  0.1154E-04   201    41
     5000  0.8832E-05   201    41
     5100  0.6191E-05   201    41
     5200  0.3976E-05   201    40
     5300  0.2332E-05   201    40
     5400  0.1244E-05   201    39
     5500  0.6184E-06   201    39
     5600  0.3397E-06   201    39
     5700  0.2523E-06   198    39
     5800  0.2056E-06   201    41
     5900  0.1548E-06   201    41
     6000  0.1046E-06   201    40
     6100  0.6329E-07   201    40
     6200  0.3421E-07   201    39
     6300  0.1685E-07   201    39
     6400  0.8872E-08   201    39
     6500  0.6370E-08   198    39
     6600  0.5111E-08   201    41
     6700  0.3757E-08   201    41
     6800  0.2444E-08   201    40
     6900  0.1404E-08   201    39
     7000  0.7149E-09   201    39
     7100  0.3477E-09   201    39
     7200  0.2132E-09   198    39
     7300  0.1678E-09   201    32
     7400  0.1272E-09   201    41
     7500  0.8491E-10   201    40
     7600  0.4964E-10   201    39
     7700  0.2548E-10   201    39
     7800  0.1227E-10   201    39
     7900  0.7369E-11   201    30
     8000  0.5816E-11   201    33
     8100  0.4355E-11   201    41
     8200  0.3145E-11   201    39
     8300  0.2114E-11   201    39
     8400  0.1489E-11   201    38
     8500  0.1357E-11   201    38
     8600  0.1299E-11   199    47
     8700  0.1320E-11   197    38
     8800  0.1311E-11   201    40
     8900  0.1265E-11   200    39
     9000  0.1289E-11   137    42
     9100  0.1238E-11   130    45
     9200  0.1274E-11   170    51
     9300  0.1249E-11   183    51
     9400  0.1237E-11    94    15
     9500  0.1253E-11   162    29
     9600  0.1238E-11   190    37
     9700  0.1255E-11   103     2
     9800  0.1257E-11   126     6
     9900  0.1260E-11   175    51
    10000  0.1224E-11    95    20
    10100  0.1275E-11   200    44
    10200  0.1244E-11   172    51
    10300  0.1242E-11   198    39
    10400  0.1231E-11   200    24
    10500  0.1233E-11   156    21
    10600  0.1225E-11   188    50
    10700  0.1252E-11   133    49
    10800  0.1219E-11   180    49
    10900  0.1195E-11   154    51
    11000  0.1194E-11   195    51
    11100  0.1194E-11   186    51
    11200  0.1189E-11   144    50
    11300  0.1164E-11   176    49
    11400  0.1185E-11   192    48
    11500  0.1152E-11   180    23
    11600  0.1203E-11   198    50
    11700  0.1186E-11   197    51
    11800  0.1160E-11   185    22
    11900  0.1175E-11   194     2
    12000  0.1151E-11   186    34
    12100  0.1192E-11   185    47
    12200  0.1175E-11   190    41
    12300  0.1166E-11   201    51
    12400  0.1153E-11   201    48
    12500  0.1154E-11   181    50
    12600  0.1154E-11   200    50
    12700  0.1137E-11   200    51
    12800  0.1165E-11   191    42
    12900  0.1159E-11   183    49
    13000  0.1110E-11   173    38
    13100  0.1107E-11   134    51
    13200  0.1146E-11   148    51
    13300  0.1134E-11   157    21
    13400  0.1111E-11   175    49
    13500  0.1091E-11   166    51
    13600  0.1147E-11   156    48
    13700  0.1151E-11   179    35
    13800  0.1147E-11   139    49
    13900  0.1121E-11   190    37
    14000  0.1126E-11   187    44
    14100  0.1136E-11   116    48
    14200  0.1143E-11   184    48
    14300  0.1132E-11   197     7
    14400  0.1139E-11   190    38
    14500  0.1119E-11   185    32
    14600  0.1114E-11   190    45
    14700  0.1124E-11   179    30
    14800  0.1109E-11   200    40
    14900  0.1111E-11   173    36
    15000  0.1111E-11   162    51
    15100  0.1104E-11   194    48
    15200  0.1149E-11   201    10
    15300  0.1097E-11   169    50
    15400  0.1086E-11   158     2
    15500  0.1068E-11   168     6
    15600  0.1076E-11   142     5
    15700  0.1112E-11   200    48
    15800  0.1095E-11   165    39
    15900  0.1071E-11   149    38
    16000  0.1070E-11   178    50
    16100  0.1079E-11   155    42
    16200  0.1080E-11   198    39
    16300  0.1084E-11   192    36
    16400  0.1074E-11   201    51
    16500  0.1081E-11   194    48
    16600  0.1083E-11   179    47
    16700  0.1065E-11   198    51
    16800  0.1096E-11   191    45
    16900  0.1074E-11   181    44
    17000  0.1050E-11   200    43
    17100  0.1048E-11   163    39
    17200  0.1029E-11   192    39
    17300  0.1052E-11   193    46
    17400  0.1059E-11   160    28
    17500  0.1047E-11   184    51
    17600  0.1061E-11   197    48
    17700  0.1028E-11   198     8
    17800  0.1003E-11   189    34
    17900  0.1016E-11   180    51
    18000  0.1005E-11   146    43
    18100  0.1018E-11   167    51
    18200  0.1004E-11   187    51
    18300  0.1001E-11   185    45
    18400  0.9583E-12   168    45
    18500  0.9737E-12   190    51
    18600  0.9881E-12   125    32
    18700  0.9927E-12   194     3
    18800  0.9691E-12   164    47
    18900  0.9945E-12   163    23
    19000  0.9898E-12   176    43
    19100  0.9937E-12   142    26
    19200  0.1012E-11   184    32
    19300  0.1009E-11   161    17
    19400  0.1008E-11   177     4
    19500  0.9748E-12   132    44
    19600  0.9914E-12   172    50
    19700  0.9901E-12   140    42
    19800  0.1008E-11   198    38
    19900  0.1014E-11   198    48
    20000  0.9940E-12   169     9
    20100  0.9973E-12   195    51
    20200  0.9902E-12   135    46
    20300  0.1014E-11   143    25
    20400  0.1007E-11   200    50
    20500  0.1012E-11   173    49
    20600  0.1023E-11   142    37
    20700  0.1026E-11   194    38
    20800  0.1010E-11   155    20
    20900  0.1029E-11   138    29
    21000  0.1044E-11   129    36
    21100  0.1038E-11   180    49
    21200  0.1009E-11   160    50
    21300  0.1021E-11   198    46
    21400  0.1021E-11   182    51
    21500  0.1009E-11   201    51
    21600  0.1007E-11   177     2
    21700  0.1014E-11   190    18
    21800  0.1024E-11   173    43
    21900  0.1024E-11   122     4
    22000  0.1012E-11   189    45
    22100  0.9930E-12   184    46
    22200  0.9981E-12   185    51
    22300  0.1028E-11   159    12
    22400  0.1006E-11   165    23
    22500  0.9972E-12   107    13
    22600  0.1004E-11   132    15
    22700  0.9835E-12   196    38
    22800  0.9668E-12   147    49
    22900  0.9921E-12   192    38
    23000  0.1004E-11   172    29
    23100  0.9894E-12   198     6
    23200  0.9978E-12   172    51
    23300  0.9831E-12   140    51
    23400  0.9894E-12   177     2
    23500  0.9757E-12   154    20
    23600  0.9514E-12   172    43
    23700  0.9446E-12   189    47
    23800  0.9988E-12   137    21
    23900  0.9728E-12   179    40
    24000  0.9718E-12   199    30
    24100  0.9822E-12   177    48
    24200  0.9671E-12   154    30
    24300  0.9665E-12   160    49
    24400  0.9688E-12   175    39
    24500  0.9658E-12   173    47
    24600  0.9518E-12   191    46
    24700  0.9299E-12   188     2
    24800  0.9458E-12   200     5
    24900  0.9506E-12   155    21
    25000  0.9405E-12   179    49
    25100  0.9417E-12   186    51
    25200  0.9442E-12   189    39
    25300  0.9697E-12   173    50
    25400  0.9543E-12   156    48
    25500  0.9502E-12   168    10
    25600  0.9577E-12   183     9
    25700  0.9426E-12   154    45
    25800  0.9544E-12   175     7
    25900  0.9690E-12   157    44
    26000  0.9632E-12   198    45
    26100  0.9702E-12   146    48
    26200  0.9933E-12   181    11
    26300  0.9947E-12   197     2
    26400  0.1009E-11   165    29
    26500  0.1018E-11   168    34
    26600  0.1025E-11   190    21
    26700  0.1005E-11   165    25
    26800  0.1011E-11   179    18
    26900  0.1011E-11   179    42
    27000  0.1020E-11   162    48
    27100  0.1003E-11   154    14
    27200  0.1022E-11   129    50
    27300  0.1024E-11   161    47
    27400  0.1034E-11   178    50
    27500  0.1042E-11   192    37
    27600  0.1005E-11   187     5
    27700  0.1003E-11   165    47
    27800  0.1008E-11   183     6
    27900  0.1006E-11   149    46
    28000  0.1014E-11   193    50
    28100  0.1025E-11   180    51
    28200  0.9996E-12   192    51
    28300  0.9948E-12   170    42
    28400  0.9601E-12   165    26
    28500  0.9725E-12   195    26
    28600  0.1003E-11   195     2
    28700  0.9605E-12   164    16
    28800  0.9935E-12   156    41
    28900  0.9760E-12   176    35
    29000  0.9556E-12   187    42
    29100  0.9661E-12   182     6
    29200  0.9812E-12   192    36
    29300  0.9522E-12   181    32
    29400  0.9471E-12   145    47
    29500  0.9474E-12   180    41
    29600  0.9472E-12   191    45
    29700  0.9412E-12   158    48
    29800  0.9298E-12   194    37
    29900  0.9303E-12   194    16
    30000  0.9531E-12   151    12
