ZONE alpha = 0.5" 
  0.00    1.2250  3401.7407  101325.0000  288.2031   
  0.04    1.2250  3401.7236  101315.9110  288.1811   
  0.08    1.2250  3401.7723  101344.3014  288.2545   
  0.12    1.2250  3401.6375  101254.4741  288.0081   
  0.16    1.2249  3401.9958  101543.1356  288.8398   
  0.20    1.2255  3401.1119  100596.9015  286.0138   
  0.24    1.2227  3402.9761  103762.4122  295.6809   
  0.28    1.2326  3400.6720  92890.0550  262.5776   
  0.32    1.2059  3393.7195  131408.5690  379.6931   
  0.36    1.2461  3464.3704  -2287.1006   -6.3949   
  0.40    1.9733  2725.0508  929131.2356  1640.5919   
  0.44    3.5929  1665.9188  4135325.1383  4010.3439   
  0.48    5.2640  1039.4590  7796076.2202  5160.3628   
  0.52    6.2910  759.6658  10142465.5809  5617.4533   
  0.56    6.7445  652.0488  11199055.4813  5785.6382   
  0.60    6.9127  614.1175  11594347.6778  5844.0580   
  0.64    6.9707  601.2750  11731001.0759  5863.7441   
  0.68    6.9902  596.9930  11776886.1023  5870.2977   
  0.72    6.9966  595.5729  11792139.4786  5872.4701   
  0.76    6.9988  595.1027  11797193.0813  5873.1892   
  0.80    6.9995  594.9472  11798865.5322  5873.4270   
  0.84    6.9997  594.8957  11799418.8219  5873.5057   
  0.88    6.9998  594.8787  11799601.8517  5873.5317   
  0.92    6.9998  594.8731  11799662.4058  5873.5403   
  0.96    6.9998  594.8712  11799682.4493  5873.5432   
  1.01    6.9998  594.8706  11799689.0935  5873.5441   
  1.05    6.9998  594.8704  11799691.3058  5873.5444   
  1.09    6.9998  594.8704  11799692.0523  5873.5445   
  1.13    6.9998  594.8703  11799692.3139  5873.5445   
  1.17    6.9998  594.8703  11799692.4152  5873.5445   
  1.21    6.9998  594.8703  11799692.4635  5873.5445   
  1.25    6.9998  594.8703  11799692.4943  5873.5445   
  1.29    6.9998  594.8703  11799692.5193  5873.5445   
  1.33    6.9998  594.8703  11799692.5424  5873.5444   
  1.37    6.9998  594.8703  11799692.5650  5873.5444   
  1.41    6.9998  594.8703  11799692.5873  5873.5444   
  1.45    6.9998  594.8703  11799692.6097  5873.5444   
  1.49    6.9998  594.8703  11799692.6321  5873.5444   
  1.53    6.9998  594.8704  11799692.6546  5873.5444   
  1.57    6.9998  594.8704  11799692.6771  5873.5444   
  1.61    6.9998  594.8704  11799692.6997  5873.5443   
  1.65    6.9998  594.8704  11799692.7223  5873.5443   
  1.69    6.9998  594.8704  11799692.7450  5873.5443   
  1.73    6.9998  594.8704  11799692.7678  5873.5443   
  1.77    6.9998  594.8704  11799692.7906  5873.5443   
  1.81    6.9998  594.8704  11799692.8136  5873.5443   
  1.85    6.9998  594.8704  11799692.8366  5873.5443   
  1.89    6.9998  594.8704  11799692.8597  5873.5442   
  1.93    6.9998  594.8704  11799692.8828  5873.5442   
  1.97    6.9998  594.8704  11799692.9061  5873.5442   
  2.01    6.9998  594.8704  11799692.9294  5873.5442   
  2.05    6.9998  594.8704  11799692.9528  5873.5442   
  2.09    6.9998  594.8704  11799692.9763  5873.5442   
  2.13    6.9998  594.8704  11799692.9999  5873.5441   
  2.17    6.9998  594.8704  11799693.0236  5873.5441   
  2.21    6.9998  594.8704  11799693.0473  5873.5441   
  2.25    6.9998  594.8704  11799693.0712  5873.5441   
  2.29    6.9998  594.8704  11799693.0951  5873.5441   
  2.33    6.9998  594.8704  11799693.1191  5873.5441   
  2.37    6.9998  594.8704  11799693.1432  5873.5441   
  2.41    6.9998  594.8704  11799693.1674  5873.5440   
  2.45    6.9998  594.8704  11799693.1917  5873.5440   
  2.49    6.9998  594.8704  11799693.2161  5873.5440   
  2.53    6.9998  594.8704  11799693.2405  5873.5440   
  2.57    6.9998  594.8704  11799693.2651  5873.5440   
  2.61    6.9998  594.8704  11799693.2897  5873.5440   
  2.65    6.9998  594.8704  11799693.3144  5873.5440   
  2.69    6.9998  594.8704  11799693.3392  5873.5440   
  2.73    6.9998  594.8704  11799693.3641  5873.5439   
  2.77    6.9998  594.8704  11799693.3890  5873.5439   
  2.81    6.9998  594.8704  11799693.4141  5873.5439   
  2.85    6.9998  594.8704  11799693.4392  5873.5439   
  2.89    6.9998  594.8704  11799693.4644  5873.5439   
  2.93    6.9998  594.8704  11799693.4897  5873.5439   
  2.97    6.9998  594.8704  11799693.5151  5873.5439   
  3.02    6.9998  594.8705  11799693.5406  5873.5438   
  3.06    6.9998  594.8705  11799693.5661  5873.5438   
  3.10    6.9998  594.8705  11799693.5917  5873.5438   
  3.14    6.9998  594.8705  11799693.6174  5873.5438   
  3.18    6.9998  594.8705  11799693.6431  5873.5438   
  3.22    6.9998  594.8705  11799693.6690  5873.5438   
  3.26    6.9998  594.8705  11799693.6949  5873.5438   
  3.30    6.9998  594.8705  11799693.7208  5873.5438   
  3.34    6.9998  594.8705  11799693.7469  5873.5437   
  3.38    6.9998  594.8705  11799693.7730  5873.5437   
  3.42    6.9998  594.8705  11799693.7992  5873.5437   
  3.46    6.9998  594.8705  11799693.8254  5873.5437   
  3.50    6.9998  594.8705  11799693.8517  5873.5437   
  3.54    6.9998  594.8705  11799693.8781  5873.5437   
  3.58    6.9998  594.8705  11799693.9045  5873.5437   
  3.62    6.9998  594.8705  11799693.9310  5873.5437   
  3.66    6.9998  594.8705  11799693.9576  5873.5436   
  3.70    6.9998  594.8705  11799693.9842  5873.5436   
  3.74    6.9998  594.8705  11799694.0109  5873.5436   
  3.78    6.9998  594.8705  11799694.0377  5873.5436   
  3.82    6.9998  594.8705  11799694.0645  5873.5436   
  3.86    6.9998  594.8705  11799694.0913  5873.5436   
  3.90    6.9998  594.8705  11799694.1182  5873.5436   
  3.94    6.9998  594.8705  11799694.1452  5873.5436   
  3.98    6.9998  594.8705  11799694.1722  5873.5436   
  4.02    6.9998  594.8705  11799694.1992  5873.5435   
  4.06    6.9998  594.8705  11799694.2264  5873.5435   
  4.10    6.9998  594.8705  11799694.2535  5873.5435   
  4.14    6.9998  594.8705  11799694.2807  5873.5435   
  4.18    6.9998  594.8705  11799694.3080  5873.5435   
  4.22    6.9998  594.8705  11799694.3353  5873.5435   
  4.26    6.9998  594.8705  11799694.3626  5873.5435   
  4.30    6.9998  594.8705  11799694.3900  5873.5435   
  4.34    6.9998  594.8705  11799694.4175  5873.5435   
  4.38    6.9998  594.8705  11799694.4449  5873.5435   
  4.42    6.9998  594.8705  11799694.4724  5873.5434   
  4.46    6.9998  594.8705  11799694.5000  5873.5434   
  4.50    6.9998  594.8705  11799694.5276  5873.5434   
  4.54    6.9998  594.8706  11799694.5552  5873.5434   
  4.58    6.9998  594.8706  11799694.5829  5873.5434   
  4.62    6.9998  594.8706  11799694.6106  5873.5434   
  4.66    6.9998  594.8706  11799694.6384  5873.5434   
  4.70    6.9998  594.8706  11799694.6662  5873.5434   
  4.74    6.9998  594.8706  11799694.6940  5873.5434   
  4.78    6.9998  594.8706  11799694.7219  5873.5433   
  4.82    6.9998  594.8706  11799694.7497  5873.5433   
  4.86    6.9998  594.8706  11799694.7777  5873.5433   
  4.90    6.9998  594.8706  11799694.8056  5873.5433   
  4.94    6.9998  594.8706  11799694.8336  5873.5433   
  4.98    6.9998  594.8706  11799694.8616  5873.5433   
  5.03    6.9998  594.8706  11799694.8897  5873.5433   
  5.07    6.9998  594.8706  11799694.9178  5873.5433   
  5.11    6.9998  594.8706  11799694.9459  5873.5433   
  5.15    6.9998  594.8706  11799694.9740  5873.5432   
  5.19    6.9998  594.8706  11799695.0022  5873.5432   
  5.23    6.9998  594.8706  11799695.0304  5873.5432   
  5.27    6.9998  594.8706  11799695.0586  5873.5432   
  5.31    6.9998  594.8706  11799695.0869  5873.5432   
  5.35    6.9998  594.8706  11799695.1152  5873.5432   
  5.39    6.9998  594.8706  11799695.1435  5873.5432   
  5.43    6.9998  594.8706  11799695.1718  5873.5431   
  5.47    6.9998  594.8706  11799695.2002  5873.5431   
  5.51    6.9998  594.8706  11799695.2286  5873.5431   
  5.55    6.9999  594.8706  11799695.2570  5873.5431   
  5.59    6.9999  594.8706  11799695.2854  5873.5431   
  5.63    6.9999  594.8706  11799695.3139  5873.5431   
  5.67    6.9999  594.8706  11799695.3424  5873.5430   
  5.71    6.9999  594.8706  11799695.3709  5873.5430   
  5.75    6.9999  594.8706  11799695.3994  5873.5430   
  5.79    6.9999  594.8706  11799695.4280  5873.5430   
  5.83    6.9999  594.8706  11799695.4566  5873.5430   
  5.87    6.9999  594.8706  11799695.4852  5873.5429   
  5.91    6.9999  594.8706  11799695.5138  5873.5429   
  5.95    6.9999  594.8706  11799695.5424  5873.5429   
  5.99    6.9999  594.8706  11799695.5711  5873.5429   
  6.03    6.9999  594.8706  11799695.5998  5873.5428   
  6.07    6.9999  594.8707  11799695.6285  5873.5428   
  6.11    6.9999  594.8707  11799695.6572  5873.5428   
  6.15    6.9999  594.8707  11799695.6860  5873.5428   
  6.19    6.9999  594.8707  11799695.7148  5873.5427   
  6.23    6.9999  594.8707  11799695.7436  5873.5427   
  6.27    6.9999  594.8707  11799695.7724  5873.5427   
  6.31    6.9999  594.8707  11799695.8012  5873.5426   
  6.35    6.9999  594.8707  11799695.8301  5873.5426   
  6.39    6.9999  594.8707  11799695.8589  5873.5426   
  6.43    6.9999  594.8707  11799695.8878  5873.5425   
  6.47    6.9999  594.8707  11799695.9167  5873.5425   
  6.51    6.9999  594.8707  11799695.9457  5873.5425   
  6.55    6.9999  594.8707  11799695.9746  5873.5424   
  6.59    6.9999  594.8707  11799696.0036  5873.5424   
  6.63    6.9999  594.8707  11799696.0326  5873.5424   
  6.67    6.9999  594.8707  11799696.0616  5873.5423   
  6.71    6.9999  594.8707  11799696.0906  5873.5423   
  6.75    6.9999  594.8707  11799696.1196  5873.5423   
  6.79    6.9999  594.8707  11799696.1487  5873.5422   
  6.83    6.9999  594.8707  11799696.1778  5873.5422   
  6.87    6.9999  594.8707  11799696.2069  5873.5422   
  6.91    6.9999  594.8707  11799696.2360  5873.5421   
  6.95    6.9999  594.8707  11799696.2651  5873.5421   
  6.99    6.9999  594.8707  11799696.2943  5873.5421   
  7.04    6.9999  594.8707  11799696.3234  5873.5420   
  7.08    6.9999  594.8707  11799696.3526  5873.5420   
  7.12    6.9999  594.8707  11799696.3818  5873.5420   
  7.16    6.9999  594.8707  11799696.4110  5873.5420   
  7.20    6.9999  594.8707  11799696.4402  5873.5420   
  7.24    6.9999  594.8707  11799696.4695  5873.5420   
  7.28    6.9999  594.8707  11799696.4987  5873.5420   
  7.32    6.9999  594.8707  11799696.5280  5873.5420   
  7.36    6.9999  594.8707  11799696.5573  5873.5420   
  7.40    6.9999  594.8707  11799696.5866  5873.5421   
  7.44    6.9999  594.8707  11799696.6160  5873.5422   
  7.48    6.9999  594.8707  11799696.6453  5873.5423   
  7.52    6.9999  594.8707  11799696.6747  5873.5427   
  7.56    6.9999  594.8708  11799696.7040  5873.5432   
  7.60    6.9998  594.8708  11799696.7334  5873.5443   
  7.64    6.9998  594.8708  11799696.7628  5873.5464   
  7.68    6.9998  594.8708  11799696.7922  5873.5503   
  7.72    6.9998  594.8708  11799696.8216  5873.5578   
  7.76    6.9998  594.8708  11799696.8515  5873.5721   
  7.80    6.9998  594.8708  11799696.8751  5873.5997   
  7.84    6.9997  594.8708  11799696.9935  5873.6529   
  7.88    6.9996  594.8707  11799695.6553  5873.7554   
  7.92    6.9994  594.8726  11799716.7228  5873.9566   
  7.96    6.9988  594.8425  11799393.1892  5874.2935   
  8.00    7.0000  595.3046  11804362.5000  5875.7404   
