TITLE     = ""
VARIABLES = "u"
ZONE T="all"
 STRANDID=0, SOLUTIONTIME=0
 I=402, J=12, K=1, ZONETYPE=Ordered
 DATAPACKING=BLOCK
 DT=(SINGLE )
 3.402310059E+03 3.402310059E+03 3.402310059E+03 3.402310059E+03 3.402310059E+03
 3.402310059E+03 3.402310059E+03 3.402310059E+03 3.402310059E+03 3.402310059E+03
 3.402310059E+03 3.402310059E+03 3.402310059E+03 3.402310059E+03 3.402310059E+03
 3.402310059E+03 3.402310059E+03 3.402310059E+03 3.402310059E+03 3.402310059E+03
 3.402310059E+03 3.402310059E+03 3.402310059E+03 3.402270020E+03 3.400989990E+03
 3.362959961E+03 1.904739990E+03 6.033839722E+02 5.961550293E+02 5.954760132E+02
 5.954110107E+02 5.954050293E+02 5.954050293E+02 5.954050293E+02 5.954050293E+02
 5.954050293E+02 5.954050293E+02 5.954050293E+02 5.954050293E+02 5.954050293E+02
 5.954050293E+02 5.954050293E+02 5.954050293E+02 5.954050293E+02 5.954050293E+02
 5.954050293E+02 5.954050293E+02 5.954050293E+02 5.954050293E+02 5.954050293E+02
 5.954050293E+02 5.954050293E+02 5.954050293E+02 5.954050293E+02 5.954050293E+02
 5.954050293E+02 5.954050293E+02 5.954050293E+02 5.954039917E+02 5.954039917E+02
 5.954039917E+02 5.954039917E+02 5.954039917E+02 5.954039917E+02 5.954039917E+02
 5.954039917E+02 5.954039917E+02 5.954039917E+02 5.954039917E+02 5.954039917E+02
 5.954039917E+02 5.954039917E+02 5.954039917E+02 5.954039917E+02 5.954039917E+02
 5.954039917E+02 5.954039917E+02 5.954039917E+02 5.954039917E+02 5.954039917E+02
 5.954039917E+02 5.954039917E+02 5.954039917E+02 5.954039917E+02 5.954039917E+02
 5.954039917E+02 5.954039917E+02 5.954039917E+02 5.954039917E+02 5.954039917E+02
 5.954039917E+02 5.954039917E+02 5.954039917E+02 5.954039917E+02 5.954039917E+02
 5.954039917E+02 5.954039917E+02 5.954039917E+02 5.954039917E+02 5.954039917E+02
 5.954039917E+02 5.954039917E+02 5.954039917E+02 5.954039917E+02 5.954039917E+02
 5.954039917E+02 5.954039917E+02 5.954039917E+02 5.954039917E+02 5.954039917E+02
 5.954039917E+02 5.954039917E+02 5.954039917E+02 5.954039917E+02 5.954039917E+02
 5.954039917E+02 5.954039917E+02 5.954039917E+02 5.954039917E+02 5.954039917E+02
 5.954039917E+02 5.954039917E+02 5.954039917E+02 5.954039917E+02 5.954050293E+02
 5.954050293E+02 5.954050293E+02 5.954050293E+02 5.954050293E+02 5.954050293E+02
 5.954050293E+02 5.954050293E+02 5.954050293E+02 5.954050293E+02 5.954050293E+02
 5.954050293E+02 5.954050293E+02 5.954050293E+02 5.954050293E+02 5.954050293E+02
 5.954050293E+02 5.954050293E+02 5.954050293E+02 5.954050293E+02 5.954050293E+02
 5.954050293E+02 5.954050293E+02 5.954050293E+02 5.954050293E+02 5.954050293E+02
 5.954050293E+02 5.954050293E+02 5.954050293E+02 5.954050293E+02 5.954050293E+02
 5.954050293E+02 5.954050293E+02 5.954050293E+02 5.954050293E+02 5.954050293E+02
 5.954050293E+02 5.954050293E+02 5.954050293E+02 5.954050293E+02 5.954050293E+02
 5.954050293E+02 5.954050293E+02 5.954050293E+02 5.954050293E+02 5.954050293E+02
 5.954050293E+02 5.954050293E+02 5.954050293E+02 5.954050293E+02 5.954050293E+02
 5.954050293E+02 5.954050293E+02 5.954050293E+02 5.954050293E+02 5.954050293E+02
 5.954050293E+02 5.954050293E+02 5.954050293E+02 5.954050293E+02 5.954050293E+02
 5.954050293E+02 5.954050293E+02 5.954050293E+02 5.954050293E+02 5.954050293E+02
 5.954050293E+02 5.954050293E+02 5.954050293E+02 5.954050293E+02 5.954050293E+02
 5.954050293E+02 5.954050293E+02 5.954050293E+02 5.954050293E+02 5.954050293E+02
 5.954050293E+02 5.954050293E+02 5.954050293E+02 5.954050293E+02 5.954050293E+02
 5.954050293E+02 5.954050293E+02 5.954050293E+02 5.954050293E+02 5.954050293E+02
 5.954050293E+02 5.954050293E+02 5.954050293E+02 5.954050293E+02 5.954050293E+02
 5.954050293E+02 5.954050293E+02 5.954050293E+02 5.954050293E+02 5.954050293E+02
 5.954050293E+02 5.954050293E+02 5.954039917E+02 5.954039917E+02 5.954039917E+02
 5.954030151E+02 5.954030151E+02 5.954019775E+02 5.954010010E+02 5.954000244E+02
 5.953980103E+02 5.953959961E+02 5.953939819E+02 5.953909912E+02 5.953870239E+02
 5.953820190E+02 5.953759766E+02 5.953679810E+02 5.953579712E+02 5.953449707E+02
 5.953300171E+02 5.953109741E+02 5.952880249E+02 5.952600098E+02 5.952269897E+02
 5.951859741E+02 5.951380005E+02 5.950819702E+02 5.950150146E+02 5.949379883E+02
 5.948480225E+02 5.947639771E+02 5.954039917E+02 5.954039917E+02 5.954039917E+02
 5.954039917E+02 5.954039917E+02 5.954039917E+02 5.954039917E+02 5.954039917E+02
 5.954039917E+02 5.954039917E+02 5.954039917E+02 5.954039917E+02 5.954039917E+02
 5.954039917E+02 5.954039917E+02 5.954039917E+02 5.954039917E+02 5.954039917E+02
 5.954039917E+02 5.954039917E+02 5.954039917E+02 5.954039917E+02 5.954039917E+02
 5.954039917E+02 5.954039917E+02 5.954039917E+02 5.954039917E+02 5.954039917E+02
 5.954039917E+02 5.954039917E+02 5.954039917E+02 5.954039917E+02 5.954039917E+02
 5.954039917E+02 5.954039917E+02 5.954039917E+02 5.954039917E+02 5.954039917E+02
 5.954039917E+02 5.954039917E+02 5.954039917E+02 5.954039917E+02 5.954039917E+02
 5.954039917E+02 5.954039917E+02 5.954039917E+02 5.954039917E+02 5.954039917E+02
 5.954039917E+02 5.954039917E+02 5.954039917E+02 5.954039917E+02 5.954039917E+02
 5.954039917E+02 5.954039917E+02 5.954039917E+02 5.954039917E+02 5.954039917E+02
 5.954039917E+02 5.954039917E+02 5.954039917E+02 5.954039917E+02 5.954039917E+02
 5.954039917E+02 5.954039917E+02 5.954039917E+02 5.954039917E+02 5.954039917E+02
 5.954039917E+02 5.954039917E+02 5.954039917E+02 5.954039917E+02 5.954039917E+02
 5.954039917E+02 5.954039917E+02 5.954039917E+02 5.954039917E+02 5.954039917E+02
 5.954039917E+02 5.954039917E+02 5.954039917E+02 5.954039917E+02 5.954039917E+02
 5.954039917E+02 5.954039917E+02 5.954039917E+02 5.954039917E+02 5.954039917E+02
 5.954039917E+02 5.954039917E+02 5.954039917E+02 5.954039917E+02 5.954039917E+02
 5.954039917E+02 5.954039917E+02 5.954039917E+02 5.954039917E+02 5.954039917E+02
 5.954039917E+02 5.954039917E+02 5.954039917E+02 5.954039917E+02 5.954039917E+02
 5.954039917E+02 5.954039917E+02 5.954039917E+02 5.954039917E+02 5.954039917E+02
 5.954039917E+02 5.954039917E+02 5.954039917E+02 5.954039917E+02 5.954039917E+02
 5.954039917E+02 5.954039917E+02 5.954039917E+02 5.954039917E+02 5.954039917E+02
 5.954039917E+02 5.954039917E+02 5.954039917E+02 5.954039917E+02 5.954039917E+02
 5.954039917E+02 5.954039917E+02 5.954039917E+02 5.954039917E+02 5.954039917E+02
 5.954039917E+02 5.954039917E+02 5.954039917E+02 5.954039917E+02 5.954039917E+02
 5.954039917E+02 5.954039917E+02 5.954039917E+02 5.954039917E+02 5.954039917E+02
 5.954039917E+02 5.954039917E+02 5.954039917E+02 5.954039917E+02 5.954039917E+02
 5.954039917E+02 5.954039917E+02 5.954039917E+02 5.954039917E+02 5.954039917E+02
 5.954039917E+02 5.950949707E+02 3.402310059E+03 3.402310059E+03 3.402310059E+03
 3.402310059E+03 3.402310059E+03 3.402310059E+03 3.402310059E+03 3.402310059E+03
 3.402310059E+03 3.402310059E+03 3.402310059E+03 3.402310059E+03 3.402310059E+03
 3.402310059E+03 3.402310059E+03 3.402310059E+03 3.402310059E+03 3.402310059E+03
 3.402310059E+03 3.402310059E+03 3.402310059E+03 3.402310059E+03 3.402310059E+03
 3.402270020E+03 3.400989990E+03 3.362959961E+03 1.904739990E+03 6.033839722E+02
 5.961550293E+02 5.954760132E+02 5.954110107E+02 5.954050293E+02 5.954050293E+02
 5.954050293E+02 5.954050293E+02 5.954050293E+02 5.954050293E+02 5.954050293E+02
 5.954050293E+02 5.954050293E+02 5.954050293E+02 5.954050293E+02 5.954050293E+02
 5.954050293E+02 5.954050293E+02 5.954050293E+02 5.954050293E+02 5.954050293E+02
 5.954050293E+02 5.954050293E+02 5.954050293E+02 5.954050293E+02 5.954050293E+02
 5.954050293E+02 5.954050293E+02 5.954050293E+02 5.954050293E+02 5.954050293E+02
 5.954039917E+02 5.954039917E+02 5.954039917E+02 5.954039917E+02 5.954039917E+02
 5.954039917E+02 5.954039917E+02 5.954039917E+02 5.954039917E+02 5.954039917E+02
 5.954039917E+02 5.954039917E+02 5.954039917E+02 5.954039917E+02 5.954039917E+02
 5.954039917E+02 5.954039917E+02 5.954039917E+02 5.954039917E+02 5.954039917E+02
 5.954039917E+02 5.954039917E+02 5.954039917E+02 5.954039917E+02 5.954039917E+02
 5.954039917E+02 5.954039917E+02 5.954039917E+02 5.954039917E+02 5.954039917E+02
 5.954039917E+02 5.954039917E+02 5.954039917E+02 5.954039917E+02 5.954039917E+02
 5.954039917E+02 5.954039917E+02 5.954039917E+02 5.954039917E+02 5.954039917E+02
 5.954039917E+02 5.954039917E+02 5.954039917E+02 5.954039917E+02 5.954039917E+02
 5.954039917E+02 5.954039917E+02 5.954039917E+02 5.954039917E+02 5.954039917E+02
 5.954039917E+02 5.954039917E+02 5.954039917E+02 5.954039917E+02 5.954039917E+02
 5.954039917E+02 5.954039917E+02 5.954039917E+02 5.954039917E+02 5.954039917E+02
 5.954039917E+02 5.954039917E+02 5.954039917E+02 5.954039917E+02 5.954039917E+02
 5.954039917E+02 5.954050293E+02 5.954050293E+02 5.954050293E+02 5.954050293E+02
 5.954050293E+02 5.954050293E+02 5.954050293E+02 5.954050293E+02 5.954050293E+02
 5.954050293E+02 5.954050293E+02 5.954050293E+02 5.954050293E+02 5.954050293E+02
 5.954050293E+02 5.954050293E+02 5.954050293E+02 5.954050293E+02 5.954050293E+02
 5.954050293E+02 5.954050293E+02 5.954050293E+02 5.954050293E+02 5.954050293E+02
 5.954050293E+02 5.954050293E+02 5.954050293E+02 5.954050293E+02 5.954050293E+02
 5.954050293E+02 5.954050293E+02 5.954050293E+02 5.954050293E+02 5.954050293E+02
 5.954050293E+02 5.954050293E+02 5.954050293E+02 5.954050293E+02 5.954050293E+02
 5.954050293E+02 5.954050293E+02 5.954050293E+02 5.954050293E+02 5.954050293E+02
 5.954050293E+02 5.954050293E+02 5.954050293E+02 5.954050293E+02 5.954050293E+02
 5.954050293E+02 5.954050293E+02 5.954050293E+02 5.954050293E+02 5.954050293E+02
 5.954050293E+02 5.954050293E+02 5.954050293E+02 5.954050293E+02 5.954050293E+02
 5.954050293E+02 5.954050293E+02 5.954050293E+02 5.954050293E+02 5.954050293E+02
 5.954050293E+02 5.954050293E+02 5.954050293E+02 5.954050293E+02 5.954050293E+02
 5.954050293E+02 5.954050293E+02 5.954050293E+02 5.954050293E+02 5.954050293E+02
 5.954050293E+02 5.954050293E+02 5.954050293E+02 5.954050293E+02 5.954050293E+02
 5.954050293E+02 5.954050293E+02 5.954050293E+02 5.954050293E+02 5.954050293E+02
 5.954050293E+02 5.954050293E+02 5.954050293E+02 5.954050293E+02 5.954050293E+02
 5.954050293E+02 5.954050293E+02 5.954050293E+02 5.954050293E+02 5.954050293E+02
 5.954050293E+02 5.954050293E+02 5.954050293E+02 5.954050293E+02 5.954039917E+02
 5.954039917E+02 5.954039917E+02 5.954030151E+02 5.954030151E+02 5.954019775E+02
 5.954010010E+02 5.954000244E+02 5.953980103E+02 5.953959961E+02 5.953939819E+02
 5.953909912E+02 5.953870239E+02 5.953820190E+02 5.953759766E+02 5.953679810E+02
 5.953579712E+02 5.953449707E+02 5.953300171E+02 5.953109741E+02 5.952880249E+02
 5.952600098E+02 5.952269897E+02 5.951859741E+02 5.951380005E+02 5.950819702E+02
 5.950150146E+02 5.949379883E+02 5.948480225E+02 5.947639771E+02 5.954039917E+02
 5.954039917E+02 5.954039917E+02 5.954039917E+02 5.954039917E+02 5.954039917E+02
 5.954039917E+02 5.954039917E+02 5.954039917E+02 5.954039917E+02 5.954039917E+02
 5.954039917E+02 5.954039917E+02 5.954039917E+02 5.954039917E+02 5.954039917E+02
 5.954039917E+02 5.954039917E+02 5.954039917E+02 5.954039917E+02 5.954039917E+02
 5.954039917E+02 5.954039917E+02 5.954039917E+02 5.954039917E+02 5.954039917E+02
 5.954039917E+02 5.954039917E+02 5.954039917E+02 5.954039917E+02 5.954039917E+02
 5.954039917E+02 5.954039917E+02 5.954039917E+02 5.954039917E+02 5.954039917E+02
 5.954039917E+02 5.954039917E+02 5.954039917E+02 5.954039917E+02 5.954039917E+02
 5.954039917E+02 5.954039917E+02 5.954039917E+02 5.954039917E+02 5.954039917E+02
 5.954039917E+02 5.954039917E+02 5.954039917E+02 5.954039917E+02 5.954039917E+02
 5.954039917E+02 5.954039917E+02 5.954039917E+02 5.954039917E+02 5.954039917E+02
 5.954039917E+02 5.954039917E+02 5.954039917E+02 5.954039917E+02 5.954039917E+02
 5.954039917E+02 5.954039917E+02 5.954039917E+02 5.954039917E+02 5.954039917E+02
 5.954039917E+02 5.954039917E+02 5.954039917E+02 5.954039917E+02 5.954039917E+02
 5.954039917E+02 5.954039917E+02 5.954039917E+02 5.954039917E+02 5.954039917E+02
 5.954039917E+02 5.954039917E+02 5.954039917E+02 5.954039917E+02 5.954039917E+02
 5.954039917E+02 5.954039917E+02 5.954039917E+02 5.954039917E+02 5.954039917E+02
 5.954039917E+02 5.954039917E+02 5.954039917E+02 5.954039917E+02 5.954039917E+02
 5.954039917E+02 5.954039917E+02 5.954039917E+02 5.954039917E+02 5.954039917E+02
 5.954039917E+02 5.954039917E+02 5.954039917E+02 5.954039917E+02 5.954039917E+02
 5.954039917E+02 5.954039917E+02 5.954039917E+02 5.954039917E+02 5.954039917E+02
 5.954039917E+02 5.954039917E+02 5.954039917E+02 5.954039917E+02 5.954039917E+02
 5.954039917E+02 5.954039917E+02 5.954039917E+02 5.954039917E+02 5.954039917E+02
 5.954039917E+02 5.954039917E+02 5.954039917E+02 5.954039917E+02 5.954039917E+02
 5.954039917E+02 5.954039917E+02 5.954039917E+02 5.954039917E+02 5.954039917E+02
 5.954039917E+02 5.954039917E+02 5.954039917E+02 5.954039917E+02 5.954039917E+02
 5.954039917E+02 5.954039917E+02 5.954039917E+02 5.954039917E+02 5.954039917E+02
 5.954039917E+02 5.954039917E+02 5.954039917E+02 5.954039917E+02 5.954039917E+02
 5.954039917E+02 5.954039917E+02 5.954039917E+02 5.954039917E+02 5.954039917E+02
 5.954039917E+02 5.954039917E+02 5.954039917E+02 5.950949707E+02 3.402310059E+03
 3.402310059E+03 3.402310059E+03 3.402310059E+03 3.402310059E+03 3.402310059E+03
 3.402310059E+03 3.402310059E+03 3.402310059E+03 3.402310059E+03 3.402310059E+03
 3.402310059E+03 3.402310059E+03 3.402310059E+03 3.402310059E+03 3.402310059E+03
 3.402310059E+03 3.402310059E+03 3.402310059E+03 3.402310059E+03 3.402310059E+03
 3.402310059E+03 3.402310059E+03 3.402270020E+03 3.400989990E+03 3.362959961E+03
 1.904739990E+03 6.033839722E+02 5.961550293E+02 5.954760132E+02 5.954110107E+02
 5.954050293E+02 5.954050293E+02 5.954050293E+02 5.954050293E+02 5.954050293E+02
 5.954050293E+02 5.954050293E+02 5.954050293E+02 5.954050293E+02 5.954050293E+02
 5.954050293E+02 5.954050293E+02 5.954050293E+02 5.954050293E+02 5.954050293E+02
 5.954050293E+02 5.954050293E+02 5.954050293E+02 5.954050293E+02 5.954050293E+02
 5.954050293E+02 5.954050293E+02 5.954050293E+02 5.954050293E+02 5.954050293E+02
 5.954050293E+02 5.954050293E+02 5.954039917E+02 5.954039917E+02 5.954039917E+02
 5.954039917E+02 5.954039917E+02 5.954039917E+02 5.954039917E+02 5.954039917E+02
 5.954039917E+02 5.954039917E+02 5.954039917E+02 5.954039917E+02 5.954039917E+02
 5.954039917E+02 5.954039917E+02 5.954039917E+02 5.954039917E+02 5.954039917E+02
 5.954039917E+02 5.954039917E+02 5.954039917E+02 5.954039917E+02 5.954039917E+02
 5.954039917E+02 5.954039917E+02 5.954039917E+02 5.954039917E+02 5.954039917E+02
 5.954039917E+02 5.954039917E+02 5.954039917E+02 5.954039917E+02 5.954039917E+02
 5.954039917E+02 5.954039917E+02 5.954039917E+02 5.954039917E+02 5.954039917E+02
 5.954039917E+02 5.954039917E+02 5.954039917E+02 5.954039917E+02 5.954039917E+02
 5.954039917E+02 5.954039917E+02 5.954039917E+02 5.954039917E+02 5.954039917E+02
 5.954039917E+02 5.954039917E+02 5.954039917E+02 5.954039917E+02 5.954039917E+02
 5.954039917E+02 5.954039917E+02 5.954039917E+02 5.954039917E+02 5.954039917E+02
 5.954039917E+02 5.954039917E+02 5.954039917E+02 5.954039917E+02 5.954039917E+02
 5.954039917E+02 5.954039917E+02 5.954039917E+02 5.954050293E+02 5.954050293E+02
 5.954050293E+02 5.954050293E+02 5.954050293E+02 5.954050293E+02 5.954050293E+02
 5.954050293E+02 5.954050293E+02 5.954050293E+02 5.954050293E+02 5.954050293E+02
 5.954050293E+02 5.954050293E+02 5.954050293E+02 5.954050293E+02 5.954050293E+02
 5.954050293E+02 5.954050293E+02 5.954050293E+02 5.954050293E+02 5.954050293E+02
 5.954050293E+02 5.954050293E+02 5.954050293E+02 5.954050293E+02 5.954050293E+02
 5.954050293E+02 5.954050293E+02 5.954050293E+02 5.954050293E+02 5.954050293E+02
 5.954050293E+02 5.954050293E+02 5.954050293E+02 5.954050293E+02 5.954050293E+02
 5.954050293E+02 5.954050293E+02 5.954050293E+02 5.954050293E+02 5.954050293E+02
 5.954050293E+02 5.954050293E+02 5.954050293E+02 5.954050293E+02 5.954050293E+02
 5.954050293E+02 5.954050293E+02 5.954050293E+02 5.954050293E+02 5.954050293E+02
 5.954050293E+02 5.954050293E+02 5.954050293E+02 5.954050293E+02 5.954050293E+02
 5.954050293E+02 5.954050293E+02 5.954050293E+02 5.954050293E+02 5.954050293E+02
 5.954050293E+02 5.954050293E+02 5.954050293E+02 5.954050293E+02 5.954050293E+02
 5.954050293E+02 5.954050293E+02 5.954050293E+02 5.954050293E+02 5.954050293E+02
 5.954050293E+02 5.954050293E+02 5.954050293E+02 5.954050293E+02 5.954050293E+02
 5.954050293E+02 5.954050293E+02 5.954050293E+02 5.954050293E+02 5.954050293E+02
 5.954050293E+02 5.954050293E+02 5.954050293E+02 5.954050293E+02 5.954050293E+02
 5.954050293E+02 5.954050293E+02 5.954050293E+02 5.954050293E+02 5.954050293E+02
 5.954050293E+02 5.954050293E+02 5.954050293E+02 5.954050293E+02 5.954050293E+02
 5.954050293E+02 5.954039917E+02 5.954039917E+02 5.954039917E+02 5.954030151E+02
 5.954030151E+02 5.954019775E+02 5.954010010E+02 5.954000244E+02 5.953980103E+02
 5.953959961E+02 5.953939819E+02 5.953909912E+02 5.953870239E+02 5.953820190E+02
 5.953759766E+02 5.953679810E+02 5.953579712E+02 5.953449707E+02 5.953300171E+02
 5.953109741E+02 5.952880249E+02 5.952600098E+02 5.952269897E+02 5.951859741E+02
 5.951380005E+02 5.950819702E+02 5.950150146E+02 5.949379883E+02 5.948480225E+02
 5.947639771E+02 5.954039917E+02 5.954039917E+02 5.954039917E+02 5.954039917E+02
 5.954039917E+02 5.954039917E+02 5.954039917E+02 5.954039917E+02 5.954039917E+02
 5.954039917E+02 5.954039917E+02 5.954039917E+02 5.954039917E+02 5.954039917E+02
 5.954039917E+02 5.954039917E+02 5.954039917E+02 5.954039917E+02 5.954039917E+02
 5.954039917E+02 5.954039917E+02 5.954039917E+02 5.954039917E+02 5.954039917E+02
 5.954039917E+02 5.954039917E+02 5.954039917E+02 5.954039917E+02 5.954039917E+02
 5.954039917E+02 5.954039917E+02 5.954039917E+02 5.954039917E+02 5.954039917E+02
 5.954039917E+02 5.954039917E+02 5.954039917E+02 5.954039917E+02 5.954039917E+02
 5.954039917E+02 5.954039917E+02 5.954039917E+02 5.954039917E+02 5.954039917E+02
 5.954039917E+02 5.954039917E+02 5.954039917E+02 5.954039917E+02 5.954039917E+02
 5.954039917E+02 5.954039917E+02 5.954039917E+02 5.954039917E+02 5.954039917E+02
 5.954039917E+02 5.954039917E+02 5.954039917E+02 5.954039917E+02 5.954039917E+02
 5.954039917E+02 5.954039917E+02 5.954039917E+02 5.954039917E+02 5.954039917E+02
 5.954039917E+02 5.954039917E+02 5.954039917E+02 5.954039917E+02 5.954039917E+02
 5.954039917E+02 5.954039917E+02 5.954039917E+02 5.954039917E+02 5.954039917E+02
 5.954039917E+02 5.954039917E+02 5.954039917E+02 5.954039917E+02 5.954039917E+02
 5.954039917E+02 5.954039917E+02 5.954039917E+02 5.954039917E+02 5.954039917E+02
 5.954039917E+02 5.954039917E+02 5.954039917E+02 5.954039917E+02 5.954039917E+02
 5.954039917E+02 5.954039917E+02 5.954039917E+02 5.954039917E+02 5.954039917E+02
 5.954039917E+02 5.954039917E+02 5.954039917E+02 5.954039917E+02 5.954039917E+02
 5.954039917E+02 5.954039917E+02 5.954039917E+02 5.954039917E+02 5.954039917E+02
 5.954039917E+02 5.954039917E+02 5.954039917E+02 5.954039917E+02 5.954039917E+02
 5.954039917E+02 5.954039917E+02 5.954039917E+02 5.954039917E+02 5.954039917E+02
 5.954039917E+02 5.954039917E+02 5.954039917E+02 5.954039917E+02 5.954039917E+02
 5.954039917E+02 5.954039917E+02 5.954039917E+02 5.954039917E+02 5.954039917E+02
 5.954039917E+02 5.954039917E+02 5.954039917E+02 5.954039917E+02 5.954039917E+02
 5.954039917E+02 5.954039917E+02 5.954039917E+02 5.954039917E+02 5.954039917E+02
 5.954039917E+02 5.954039917E+02 5.954039917E+02 5.954039917E+02 5.954039917E+02
 5.954039917E+02 5.954039917E+02 5.954039917E+02 5.954039917E+02 5.954039917E+02
 5.954039917E+02 5.954039917E+02 5.954039917E+02 5.954039917E+02 5.954039917E+02
 5.950949707E+02 3.402310059E+03 3.402310059E+03 3.402310059E+03 3.402310059E+03
 3.402310059E+03 3.402310059E+03 3.402310059E+03 3.402310059E+03 3.402310059E+03
 3.402310059E+03 3.402310059E+03 3.402310059E+03 3.402310059E+03 3.402310059E+03
 3.402310059E+03 3.402310059E+03 3.402310059E+03 3.402310059E+03 3.402310059E+03
 3.402310059E+03 3.402310059E+03 3.402310059E+03 3.402310059E+03 3.402270020E+03
 3.400989990E+03 3.362959961E+03 1.904739990E+03 6.033839722E+02 5.961550293E+02
 5.954760132E+02 5.954110107E+02 5.954050293E+02 5.954050293E+02 5.954050293E+02
 5.954050293E+02 5.954050293E+02 5.954050293E+02 5.954050293E+02 5.954050293E+02
 5.954050293E+02 5.954050293E+02 5.954050293E+02 5.954050293E+02 5.954050293E+02
 5.954050293E+02 5.954050293E+02 5.954050293E+02 5.954050293E+02 5.954050293E+02
 5.954050293E+02 5.954050293E+02 5.954050293E+02 5.954050293E+02 5.954050293E+02
 5.954050293E+02 5.954050293E+02 5.954050293E+02 5.954050293E+02 5.954039917E+02
 5.954039917E+02 5.954039917E+02 5.954039917E+02 5.954039917E+02 5.954039917E+02
 5.954039917E+02 5.954039917E+02 5.954039917E+02 5.954039917E+02 5.954039917E+02
 5.954039917E+02 5.954039917E+02 5.954039917E+02 5.954039917E+02 5.954039917E+02
 5.954039917E+02 5.954039917E+02 5.954039917E+02 5.954039917E+02 5.954039917E+02
 5.954039917E+02 5.954039917E+02 5.954039917E+02 5.954039917E+02 5.954039917E+02
 5.954039917E+02 5.954039917E+02 5.954039917E+02 5.954039917E+02 5.954039917E+02
 5.954039917E+02 5.954039917E+02 5.954039917E+02 5.954039917E+02 5.954039917E+02
 5.954039917E+02 5.954039917E+02 5.954039917E+02 5.954039917E+02 5.954039917E+02
 5.954039917E+02 5.954039917E+02 5.954039917E+02 5.954039917E+02 5.954039917E+02
 5.954039917E+02 5.954039917E+02 5.954039917E+02 5.954039917E+02 5.954039917E+02
 5.954039917E+02 5.954039917E+02 5.954039917E+02 5.954039917E+02 5.954039917E+02
 5.954039917E+02 5.954039917E+02 5.954039917E+02 5.954039917E+02 5.954039917E+02
 5.954039917E+02 5.954039917E+02 5.954039917E+02 5.954039917E+02 5.954039917E+02
 5.954050293E+02 5.954050293E+02 5.954050293E+02 5.954050293E+02 5.954050293E+02
 5.954050293E+02 5.954050293E+02 5.954050293E+02 5.954050293E+02 5.954050293E+02
 5.954050293E+02 5.954050293E+02 5.954050293E+02 5.954050293E+02 5.954050293E+02
 5.954050293E+02 5.954050293E+02 5.954050293E+02 5.954050293E+02 5.954050293E+02
 5.954050293E+02 5.954050293E+02 5.954050293E+02 5.954050293E+02 5.954050293E+02
 5.954050293E+02 5.954050293E+02 5.954050293E+02 5.954050293E+02 5.954050293E+02
 5.954050293E+02 5.954050293E+02 5.954050293E+02 5.954050293E+02 5.954050293E+02
 5.954050293E+02 5.954050293E+02 5.954050293E+02 5.954050293E+02 5.954050293E+02
 5.954050293E+02 5.954050293E+02 5.954050293E+02 5.954050293E+02 5.954050293E+02
 5.954050293E+02 5.954050293E+02 5.954050293E+02 5.954050293E+02 5.954050293E+02
 5.954050293E+02 5.954050293E+02 5.954050293E+02 5.954050293E+02 5.954050293E+02
 5.954050293E+02 5.954050293E+02 5.954050293E+02 5.954050293E+02 5.954050293E+02
 5.954050293E+02 5.954050293E+02 5.954050293E+02 5.954050293E+02 5.954050293E+02
 5.954050293E+02 5.954050293E+02 5.954050293E+02 5.954050293E+02 5.954050293E+02
 5.954050293E+02 5.954050293E+02 5.954050293E+02 5.954050293E+02 5.954050293E+02
 5.954050293E+02 5.954050293E+02 5.954050293E+02 5.954050293E+02 5.954050293E+02
 5.954050293E+02 5.954050293E+02 5.954050293E+02 5.954050293E+02 5.954050293E+02
 5.954050293E+02 5.954050293E+02 5.954050293E+02 5.954050293E+02 5.954050293E+02
 5.954050293E+02 5.954050293E+02 5.954050293E+02 5.954050293E+02 5.954050293E+02
 5.954050293E+02 5.954050293E+02 5.954050293E+02 5.954039917E+02 5.954039917E+02
 5.954039917E+02 5.954030151E+02 5.954030151E+02 5.954019775E+02 5.954010010E+02
 5.954000244E+02 5.953980103E+02 5.953959961E+02 5.953939819E+02 5.953909912E+02
 5.953870239E+02 5.953820190E+02 5.953759766E+02 5.953679810E+02 5.953579712E+02
 5.953449707E+02 5.953300171E+02 5.953109741E+02 5.952880249E+02 5.952600098E+02
 5.952269897E+02 5.951859741E+02 5.951380005E+02 5.950819702E+02 5.950150146E+02
 5.949379883E+02 5.948480225E+02 5.947639771E+02 5.954039917E+02 5.954039917E+02
 5.954039917E+02 5.954039917E+02 5.954039917E+02 5.954039917E+02 5.954039917E+02
 5.954039917E+02 5.954039917E+02 5.954039917E+02 5.954039917E+02 5.954039917E+02
 5.954039917E+02 5.954039917E+02 5.954039917E+02 5.954039917E+02 5.954039917E+02
 5.954039917E+02 5.954039917E+02 5.954039917E+02 5.954039917E+02 5.954039917E+02
 5.954039917E+02 5.954039917E+02 5.954039917E+02 5.954039917E+02 5.954039917E+02
 5.954039917E+02 5.954039917E+02 5.954039917E+02 5.954039917E+02 5.954039917E+02
 5.954039917E+02 5.954039917E+02 5.954039917E+02 5.954039917E+02 5.954039917E+02
 5.954039917E+02 5.954039917E+02 5.954039917E+02 5.954039917E+02 5.954039917E+02
 5.954039917E+02 5.954039917E+02 5.954039917E+02 5.954039917E+02 5.954039917E+02
 5.954039917E+02 5.954039917E+02 5.954039917E+02 5.954039917E+02 5.954039917E+02
 5.954039917E+02 5.954039917E+02 5.954039917E+02 5.954039917E+02 5.954039917E+02
 5.954039917E+02 5.954039917E+02 5.954039917E+02 5.954039917E+02 5.954039917E+02
 5.954039917E+02 5.954039917E+02 5.954039917E+02 5.954039917E+02 5.954039917E+02
 5.954039917E+02 5.954039917E+02 5.954039917E+02 5.954039917E+02 5.954039917E+02
 5.954039917E+02 5.954039917E+02 5.954039917E+02 5.954039917E+02 5.954039917E+02
 5.954039917E+02 5.954039917E+02 5.954039917E+02 5.954039917E+02 5.954039917E+02
 5.954039917E+02 5.954039917E+02 5.954039917E+02 5.954039917E+02 5.954039917E+02
 5.954039917E+02 5.954039917E+02 5.954039917E+02 5.954039917E+02 5.954039917E+02
 5.954039917E+02 5.954039917E+02 5.954039917E+02 5.954039917E+02 5.954039917E+02
 5.954039917E+02 5.954039917E+02 5.954039917E+02 5.954039917E+02 5.954039917E+02
 5.954039917E+02 5.954039917E+02 5.954039917E+02 5.954039917E+02 5.954039917E+02
 5.954039917E+02 5.954039917E+02 5.954039917E+02 5.954039917E+02 5.954039917E+02
 5.954039917E+02 5.954039917E+02 5.954039917E+02 5.954039917E+02 5.954039917E+02
 5.954039917E+02 5.954039917E+02 5.954039917E+02 5.954039917E+02 5.954039917E+02
 5.954039917E+02 5.954039917E+02 5.954039917E+02 5.954039917E+02 5.954039917E+02
 5.954039917E+02 5.954039917E+02 5.954039917E+02 5.954039917E+02 5.954039917E+02
 5.954039917E+02 5.954039917E+02 5.954039917E+02 5.954039917E+02 5.954039917E+02
 5.954039917E+02 5.954039917E+02 5.954039917E+02 5.954039917E+02 5.954039917E+02
 5.954039917E+02 5.954039917E+02 5.954039917E+02 5.954039917E+02 5.954039917E+02
 5.954039917E+02 5.954039917E+02 5.950949707E+02 3.402310059E+03 3.402310059E+03
 3.402310059E+03 3.402310059E+03 3.402310059E+03 3.402310059E+03 3.402310059E+03
 3.402310059E+03 3.402310059E+03 3.402310059E+03 3.402310059E+03 3.402310059E+03
 3.402310059E+03 3.402310059E+03 3.402310059E+03 3.402310059E+03 3.402310059E+03
 3.402310059E+03 3.402310059E+03 3.402310059E+03 3.402310059E+03 3.402310059E+03
 3.402310059E+03 3.402270020E+03 3.400989990E+03 3.362959961E+03 1.904739990E+03
 6.033839722E+02 5.961550293E+02 5.954760132E+02 5.954110107E+02 5.954050293E+02
 5.954050293E+02 5.954050293E+02 5.954050293E+02 5.954050293E+02 5.954050293E+02
 5.954050293E+02 5.954050293E+02 5.954050293E+02 5.954050293E+02 5.954050293E+02
 5.954050293E+02 5.954050293E+02 5.954050293E+02 5.954050293E+02 5.954050293E+02
 5.954050293E+02 5.954050293E+02 5.954050293E+02 5.954050293E+02 5.954050293E+02
 5.954050293E+02 5.954050293E+02 5.954050293E+02 5.954050293E+02 5.954050293E+02
 5.954050293E+02 5.954039917E+02 5.954039917E+02 5.954039917E+02 5.954039917E+02
 5.954039917E+02 5.954039917E+02 5.954039917E+02 5.954039917E+02 5.954039917E+02
 5.954039917E+02 5.954039917E+02 5.954039917E+02 5.954039917E+02 5.954039917E+02
 5.954039917E+02 5.954039917E+02 5.954039917E+02 5.954039917E+02 5.954039917E+02
 5.954039917E+02 5.954039917E+02 5.954039917E+02 5.954039917E+02 5.954039917E+02
 5.954039917E+02 5.954039917E+02 5.954039917E+02 5.954039917E+02 5.954039917E+02
 5.954039917E+02 5.954039917E+02 5.954039917E+02 5.954039917E+02 5.954039917E+02
 5.954039917E+02 5.954039917E+02 5.954039917E+02 5.954039917E+02 5.954039917E+02
 5.954039917E+02 5.954039917E+02 5.954039917E+02 5.954039917E+02 5.954039917E+02
 5.954039917E+02 5.954039917E+02 5.954039917E+02 5.954039917E+02 5.954039917E+02
 5.954039917E+02 5.954039917E+02 5.954039917E+02 5.954039917E+02 5.954039917E+02
 5.954039917E+02 5.954039917E+02 5.954039917E+02 5.954039917E+02 5.954039917E+02
 5.954039917E+02 5.954039917E+02 5.954039917E+02 5.954039917E+02 5.954039917E+02
 5.954039917E+02 5.954039917E+02 5.954050293E+02 5.954050293E+02 5.954050293E+02
 5.954050293E+02 5.954050293E+02 5.954050293E+02 5.954050293E+02 5.954050293E+02
 5.954050293E+02 5.954050293E+02 5.954050293E+02 5.954050293E+02 5.954050293E+02
 5.954050293E+02 5.954050293E+02 5.954050293E+02 5.954050293E+02 5.954050293E+02
 5.954050293E+02 5.954050293E+02 5.954050293E+02 5.954050293E+02 5.954050293E+02
 5.954050293E+02 5.954050293E+02 5.954050293E+02 5.954050293E+02 5.954050293E+02
 5.954050293E+02 5.954050293E+02 5.954050293E+02 5.954050293E+02 5.954050293E+02
 5.954050293E+02 5.954050293E+02 5.954050293E+02 5.954050293E+02 5.954050293E+02
 5.954050293E+02 5.954050293E+02 5.954050293E+02 5.954050293E+02 5.954050293E+02
 5.954050293E+02 5.954050293E+02 5.954050293E+02 5.954050293E+02 5.954050293E+02
 5.954050293E+02 5.954050293E+02 5.954050293E+02 5.954050293E+02 5.954050293E+02
 5.954050293E+02 5.954050293E+02 5.954050293E+02 5.954050293E+02 5.954050293E+02
 5.954050293E+02 5.954050293E+02 5.954050293E+02 5.954050293E+02 5.954050293E+02
 5.954050293E+02 5.954050293E+02 5.954050293E+02 5.954050293E+02 5.954050293E+02
 5.954050293E+02 5.954050293E+02 5.954050293E+02 5.954050293E+02 5.954050293E+02
 5.954050293E+02 5.954050293E+02 5.954050293E+02 5.954050293E+02 5.954050293E+02
 5.954050293E+02 5.954050293E+02 5.954050293E+02 5.954050293E+02 5.954050293E+02
 5.954050293E+02 5.954050293E+02 5.954050293E+02 5.954050293E+02 5.954050293E+02
 5.954050293E+02 5.954050293E+02 5.954050293E+02 5.954050293E+02 5.954050293E+02
 5.954050293E+02 5.954050293E+02 5.954050293E+02 5.954050293E+02 5.954050293E+02
 5.954039917E+02 5.954039917E+02 5.954039917E+02 5.954030151E+02 5.954030151E+02
 5.954019775E+02 5.954010010E+02 5.954000244E+02 5.953980103E+02 5.953959961E+02
 5.953939819E+02 5.953909912E+02 5.953870239E+02 5.953820190E+02 5.953759766E+02
 5.953679810E+02 5.953579712E+02 5.953449707E+02 5.953300171E+02 5.953109741E+02
 5.952880249E+02 5.952600098E+02 5.952269897E+02 5.951859741E+02 5.951380005E+02
 5.950819702E+02 5.950150146E+02 5.949379883E+02 5.948480225E+02 5.947639771E+02
 5.954039917E+02 5.954039917E+02 5.954039917E+02 5.954039917E+02 5.954039917E+02
 5.954039917E+02 5.954039917E+02 5.954039917E+02 5.954039917E+02 5.954039917E+02
 5.954039917E+02 5.954039917E+02 5.954039917E+02 5.954039917E+02 5.954039917E+02
 5.954039917E+02 5.954039917E+02 5.954039917E+02 5.954039917E+02 5.954039917E+02
 5.954039917E+02 5.954039917E+02 5.954039917E+02 5.954039917E+02 5.954039917E+02
 5.954039917E+02 5.954039917E+02 5.954039917E+02 5.954039917E+02 5.954039917E+02
 5.954039917E+02 5.954039917E+02 5.954039917E+02 5.954039917E+02 5.954039917E+02
 5.954039917E+02 5.954039917E+02 5.954039917E+02 5.954039917E+02 5.954039917E+02
 5.954039917E+02 5.954039917E+02 5.954039917E+02 5.954039917E+02 5.954039917E+02
 5.954039917E+02 5.954039917E+02 5.954039917E+02 5.954039917E+02 5.954039917E+02
 5.954039917E+02 5.954039917E+02 5.954039917E+02 5.954039917E+02 5.954039917E+02
 5.954039917E+02 5.954039917E+02 5.954039917E+02 5.954039917E+02 5.954039917E+02
 5.954039917E+02 5.954039917E+02 5.954039917E+02 5.954039917E+02 5.954039917E+02
 5.954039917E+02 5.954039917E+02 5.954039917E+02 5.954039917E+02 5.954039917E+02
 5.954039917E+02 5.954039917E+02 5.954039917E+02 5.954039917E+02 5.954039917E+02
 5.954039917E+02 5.954039917E+02 5.954039917E+02 5.954039917E+02 5.954039917E+02
 5.954039917E+02 5.954039917E+02 5.954039917E+02 5.954039917E+02 5.954039917E+02
 5.954039917E+02 5.954039917E+02 5.954039917E+02 5.954039917E+02 5.954039917E+02
 5.954039917E+02 5.954039917E+02 5.954039917E+02 5.954039917E+02 5.954039917E+02
 5.954039917E+02 5.954039917E+02 5.954039917E+02 5.954039917E+02 5.954039917E+02
 5.954039917E+02 5.954039917E+02 5.954039917E+02 5.954039917E+02 5.954039917E+02
 5.954039917E+02 5.954039917E+02 5.954039917E+02 5.954039917E+02 5.954039917E+02
 5.954039917E+02 5.954039917E+02 5.954039917E+02 5.954039917E+02 5.954039917E+02
 5.954039917E+02 5.954039917E+02 5.954039917E+02 5.954039917E+02 5.954039917E+02
 5.954039917E+02 5.954039917E+02 5.954039917E+02 5.954039917E+02 5.954039917E+02
 5.954039917E+02 5.954039917E+02 5.954039917E+02 5.954039917E+02 5.954039917E+02
 5.954039917E+02 5.954039917E+02 5.954039917E+02 5.954039917E+02 5.954039917E+02
 5.954039917E+02 5.954039917E+02 5.954039917E+02 5.954039917E+02 5.954039917E+02
 5.954039917E+02 5.954039917E+02 5.954039917E+02 5.954039917E+02 5.954039917E+02
 5.954039917E+02 5.954039917E+02 5.954039917E+02 5.954039917E+02 5.950949707E+02
 3.402310059E+03 3.402310059E+03 3.402310059E+03 3.402310059E+03 3.402310059E+03
 3.402310059E+03 3.402310059E+03 3.402310059E+03 3.402310059E+03 3.402310059E+03
 3.402310059E+03 3.402310059E+03 3.402310059E+03 3.402310059E+03 3.402310059E+03
 3.402310059E+03 3.402310059E+03 3.402310059E+03 3.402310059E+03 3.402310059E+03
 3.402310059E+03 3.402310059E+03 3.402310059E+03 3.402270020E+03 3.400989990E+03
 3.362959961E+03 1.904739990E+03 6.033839722E+02 5.961550293E+02 5.954760132E+02
 5.954110107E+02 5.954050293E+02 5.954050293E+02 5.954050293E+02 5.954050293E+02
 5.954050293E+02 5.954050293E+02 5.954050293E+02 5.954050293E+02 5.954050293E+02
 5.954050293E+02 5.954050293E+02 5.954050293E+02 5.954050293E+02 5.954050293E+02
 5.954050293E+02 5.954050293E+02 5.954050293E+02 5.954050293E+02 5.954050293E+02
 5.954050293E+02 5.954050293E+02 5.954050293E+02 5.954050293E+02 5.954050293E+02
 5.954050293E+02 5.954050293E+02 5.954050293E+02 5.954039917E+02 5.954039917E+02
 5.954039917E+02 5.954039917E+02 5.954039917E+02 5.954039917E+02 5.954039917E+02
 5.954039917E+02 5.954039917E+02 5.954039917E+02 5.954039917E+02 5.954039917E+02
 5.954039917E+02 5.954039917E+02 5.954039917E+02 5.954039917E+02 5.954039917E+02
 5.954039917E+02 5.954039917E+02 5.954039917E+02 5.954039917E+02 5.954039917E+02
 5.954039917E+02 5.954039917E+02 5.954039917E+02 5.954039917E+02 5.954039917E+02
 5.954039917E+02 5.954039917E+02 5.954039917E+02 5.954039917E+02 5.954039917E+02
 5.954039917E+02 5.954039917E+02 5.954039917E+02 5.954039917E+02 5.954039917E+02
 5.954039917E+02 5.954039917E+02 5.954039917E+02 5.954039917E+02 5.954039917E+02
 5.954039917E+02 5.954039917E+02 5.954039917E+02 5.954039917E+02 5.954039917E+02
 5.954039917E+02 5.954039917E+02 5.954039917E+02 5.954039917E+02 5.954039917E+02
 5.954039917E+02 5.954039917E+02 5.954039917E+02 5.954039917E+02 5.954039917E+02
 5.954039917E+02 5.954039917E+02 5.954039917E+02 5.954039917E+02 5.954039917E+02
 5.954039917E+02 5.954039917E+02 5.954039917E+02 5.954039917E+02 5.954050293E+02
 5.954050293E+02 5.954050293E+02 5.954050293E+02 5.954050293E+02 5.954050293E+02
 5.954050293E+02 5.954050293E+02 5.954050293E+02 5.954050293E+02 5.954050293E+02
 5.954050293E+02 5.954050293E+02 5.954050293E+02 5.954050293E+02 5.954050293E+02
 5.954050293E+02 5.954050293E+02 5.954050293E+02 5.954050293E+02 5.954050293E+02
 5.954050293E+02 5.954050293E+02 5.954050293E+02 5.954050293E+02 5.954050293E+02
 5.954050293E+02 5.954050293E+02 5.954050293E+02 5.954050293E+02 5.954050293E+02
 5.954050293E+02 5.954050293E+02 5.954050293E+02 5.954050293E+02 5.954050293E+02
 5.954050293E+02 5.954050293E+02 5.954050293E+02 5.954050293E+02 5.954050293E+02
 5.954050293E+02 5.954050293E+02 5.954050293E+02 5.954050293E+02 5.954050293E+02
 5.954050293E+02 5.954050293E+02 5.954050293E+02 5.954050293E+02 5.954050293E+02
 5.954050293E+02 5.954050293E+02 5.954050293E+02 5.954050293E+02 5.954050293E+02
 5.954050293E+02 5.954050293E+02 5.954050293E+02 5.954050293E+02 5.954050293E+02
 5.954050293E+02 5.954050293E+02 5.954050293E+02 5.954050293E+02 5.954050293E+02
 5.954050293E+02 5.954050293E+02 5.954050293E+02 5.954050293E+02 5.954050293E+02
 5.954050293E+02 5.954050293E+02 5.954050293E+02 5.954050293E+02 5.954050293E+02
 5.954050293E+02 5.954050293E+02 5.954050293E+02 5.954050293E+02 5.954050293E+02
 5.954050293E+02 5.954050293E+02 5.954050293E+02 5.954050293E+02 5.954050293E+02
 5.954050293E+02 5.954050293E+02 5.954050293E+02 5.954050293E+02 5.954050293E+02
 5.954050293E+02 5.954050293E+02 5.954050293E+02 5.954050293E+02 5.954050293E+02
 5.954050293E+02 5.954050293E+02 5.954039917E+02 5.954039917E+02 5.954039917E+02
 5.954030151E+02 5.954030151E+02 5.954019775E+02 5.954010010E+02 5.954000244E+02
 5.953980103E+02 5.953959961E+02 5.953939819E+02 5.953909912E+02 5.953870239E+02
 5.953820190E+02 5.953759766E+02 5.953679810E+02 5.953579712E+02 5.953449707E+02
 5.953300171E+02 5.953109741E+02 5.952880249E+02 5.952600098E+02 5.952269897E+02
 5.951859741E+02 5.951380005E+02 5.950819702E+02 5.950150146E+02 5.949379883E+02
 5.948480225E+02 5.947639771E+02 5.954039917E+02 5.954039917E+02 5.954039917E+02
 5.954039917E+02 5.954039917E+02 5.954039917E+02 5.954039917E+02 5.954039917E+02
 5.954039917E+02 5.954039917E+02 5.954039917E+02 5.954039917E+02 5.954039917E+02
 5.954039917E+02 5.954039917E+02 5.954039917E+02 5.954039917E+02 5.954039917E+02
 5.954039917E+02 5.954039917E+02 5.954039917E+02 5.954039917E+02 5.954039917E+02
 5.954039917E+02 5.954039917E+02 5.954039917E+02 5.954039917E+02 5.954039917E+02
 5.954039917E+02 5.954039917E+02 5.954039917E+02 5.954039917E+02 5.954039917E+02
 5.954039917E+02 5.954039917E+02 5.954039917E+02 5.954039917E+02 5.954039917E+02
 5.954039917E+02 5.954039917E+02 5.954039917E+02 5.954039917E+02 5.954039917E+02
 5.954039917E+02 5.954039917E+02 5.954039917E+02 5.954039917E+02 5.954039917E+02
 5.954039917E+02 5.954039917E+02 5.954039917E+02 5.954039917E+02 5.954039917E+02
 5.954039917E+02 5.954039917E+02 5.954039917E+02 5.954039917E+02 5.954039917E+02
 5.954039917E+02 5.954039917E+02 5.954039917E+02 5.954039917E+02 5.954039917E+02
 5.954039917E+02 5.954039917E+02 5.954039917E+02 5.954039917E+02 5.954039917E+02
 5.954039917E+02 5.954039917E+02 5.954039917E+02 5.954039917E+02 5.954039917E+02
 5.954039917E+02 5.954039917E+02 5.954039917E+02 5.954039917E+02 5.954039917E+02
 5.954039917E+02 5.954039917E+02 5.954039917E+02 5.954039917E+02 5.954039917E+02
 5.954039917E+02 5.954039917E+02 5.954039917E+02 5.954039917E+02 5.954039917E+02
 5.954039917E+02 5.954039917E+02 5.954039917E+02 5.954039917E+02 5.954039917E+02
 5.954039917E+02 5.954039917E+02 5.954039917E+02 5.954039917E+02 5.954039917E+02
 5.954039917E+02 5.954039917E+02 5.954039917E+02 5.954039917E+02 5.954039917E+02
 5.954039917E+02 5.954039917E+02 5.954039917E+02 5.954039917E+02 5.954039917E+02
 5.954039917E+02 5.954039917E+02 5.954039917E+02 5.954039917E+02 5.954039917E+02
 5.954039917E+02 5.954039917E+02 5.954039917E+02 5.954039917E+02 5.954039917E+02
 5.954039917E+02 5.954039917E+02 5.954039917E+02 5.954039917E+02 5.954039917E+02
 5.954039917E+02 5.954039917E+02 5.954039917E+02 5.954039917E+02 5.954039917E+02
 5.954039917E+02 5.954039917E+02 5.954039917E+02 5.954039917E+02 5.954039917E+02
 5.954039917E+02 5.954039917E+02 5.954039917E+02 5.954039917E+02 5.954039917E+02
 5.954039917E+02 5.954039917E+02 5.954039917E+02 5.954039917E+02 5.954039917E+02
 5.954039917E+02 5.954039917E+02 5.954039917E+02 5.954039917E+02 5.954039917E+02
 5.954039917E+02 5.950949707E+02 3.402310059E+03 3.402310059E+03 3.402310059E+03
 3.402310059E+03 3.402310059E+03 3.402310059E+03 3.402310059E+03 3.402310059E+03
 3.402310059E+03 3.402310059E+03 3.402310059E+03 3.402310059E+03 3.402310059E+03
 3.402310059E+03 3.402310059E+03 3.402310059E+03 3.402310059E+03 3.402310059E+03
 3.402310059E+03 3.402310059E+03 3.402310059E+03 3.402310059E+03 3.402310059E+03
 3.402270020E+03 3.400989990E+03 3.362959961E+03 1.904739990E+03 6.033839722E+02
 5.961550293E+02 5.954760132E+02 5.954110107E+02 5.954050293E+02 5.954050293E+02
 5.954050293E+02 5.954050293E+02 5.954050293E+02 5.954050293E+02 5.954050293E+02
 5.954050293E+02 5.954050293E+02 5.954050293E+02 5.954050293E+02 5.954050293E+02
 5.954050293E+02 5.954050293E+02 5.954050293E+02 5.954050293E+02 5.954050293E+02
 5.954050293E+02 5.954050293E+02 5.954050293E+02 5.954050293E+02 5.954050293E+02
 5.954050293E+02 5.954050293E+02 5.954050293E+02 5.954050293E+02 5.954050293E+02
 5.954039917E+02 5.954039917E+02 5.954039917E+02 5.954039917E+02 5.954039917E+02
 5.954039917E+02 5.954039917E+02 5.954039917E+02 5.954039917E+02 5.954039917E+02
 5.954039917E+02 5.954039917E+02 5.954039917E+02 5.954039917E+02 5.954039917E+02
 5.954039917E+02 5.954039917E+02 5.954039917E+02 5.954039917E+02 5.954039917E+02
 5.954039917E+02 5.954039917E+02 5.954039917E+02 5.954039917E+02 5.954039917E+02
 5.954039917E+02 5.954039917E+02 5.954039917E+02 5.954039917E+02 5.954039917E+02
 5.954039917E+02 5.954039917E+02 5.954039917E+02 5.954039917E+02 5.954039917E+02
 5.954039917E+02 5.954039917E+02 5.954039917E+02 5.954039917E+02 5.954039917E+02
 5.954039917E+02 5.954039917E+02 5.954039917E+02 5.954039917E+02 5.954039917E+02
 5.954039917E+02 5.954039917E+02 5.954039917E+02 5.954039917E+02 5.954039917E+02
 5.954039917E+02 5.954039917E+02 5.954039917E+02 5.954039917E+02 5.954039917E+02
 5.954039917E+02 5.954039917E+02 5.954039917E+02 5.954039917E+02 5.954039917E+02
 5.954039917E+02 5.954039917E+02 5.954039917E+02 5.954039917E+02 5.954039917E+02
 5.954039917E+02 5.954050293E+02 5.954050293E+02 5.954050293E+02 5.954050293E+02
 5.954050293E+02 5.954050293E+02 5.954050293E+02 5.954050293E+02 5.954050293E+02
 5.954050293E+02 5.954050293E+02 5.954050293E+02 5.954050293E+02 5.954050293E+02
 5.954050293E+02 5.954050293E+02 5.954050293E+02 5.954050293E+02 5.954050293E+02
 5.954050293E+02 5.954050293E+02 5.954050293E+02 5.954050293E+02 5.954050293E+02
 5.954050293E+02 5.954050293E+02 5.954050293E+02 5.954050293E+02 5.954050293E+02
 5.954050293E+02 5.954050293E+02 5.954050293E+02 5.954050293E+02 5.954050293E+02
 5.954050293E+02 5.954050293E+02 5.954050293E+02 5.954050293E+02 5.954050293E+02
 5.954050293E+02 5.954050293E+02 5.954050293E+02 5.954050293E+02 5.954050293E+02
 5.954050293E+02 5.954050293E+02 5.954050293E+02 5.954050293E+02 5.954050293E+02
 5.954050293E+02 5.954050293E+02 5.954050293E+02 5.954050293E+02 5.954050293E+02
 5.954050293E+02 5.954050293E+02 5.954050293E+02 5.954050293E+02 5.954050293E+02
 5.954050293E+02 5.954050293E+02 5.954050293E+02 5.954050293E+02 5.954050293E+02
 5.954050293E+02 5.954050293E+02 5.954050293E+02 5.954050293E+02 5.954050293E+02
 5.954050293E+02 5.954050293E+02 5.954050293E+02 5.954050293E+02 5.954050293E+02
 5.954050293E+02 5.954050293E+02 5.954050293E+02 5.954050293E+02 5.954050293E+02
 5.954050293E+02 5.954050293E+02 5.954050293E+02 5.954050293E+02 5.954050293E+02
 5.954050293E+02 5.954050293E+02 5.954050293E+02 5.954050293E+02 5.954050293E+02
 5.954050293E+02 5.954050293E+02 5.954050293E+02 5.954050293E+02 5.954050293E+02
 5.954050293E+02 5.954050293E+02 5.954050293E+02 5.954050293E+02 5.954039917E+02
 5.954039917E+02 5.954039917E+02 5.954030151E+02 5.954030151E+02 5.954019775E+02
 5.954010010E+02 5.954000244E+02 5.953980103E+02 5.953959961E+02 5.953939819E+02
 5.953909912E+02 5.953870239E+02 5.953820190E+02 5.953759766E+02 5.953679810E+02
 5.953579712E+02 5.953449707E+02 5.953300171E+02 5.953109741E+02 5.952880249E+02
 5.952600098E+02 5.952269897E+02 5.951859741E+02 5.951380005E+02 5.950819702E+02
 5.950150146E+02 5.949379883E+02 5.948480225E+02 5.947639771E+02 5.954039917E+02
 5.954039917E+02 5.954039917E+02 5.954039917E+02 5.954039917E+02 5.954039917E+02
 5.954039917E+02 5.954039917E+02 5.954039917E+02 5.954039917E+02 5.954039917E+02
 5.954039917E+02 5.954039917E+02 5.954039917E+02 5.954039917E+02 5.954039917E+02
 5.954039917E+02 5.954039917E+02 5.954039917E+02 5.954039917E+02 5.954039917E+02
 5.954039917E+02 5.954039917E+02 5.954039917E+02 5.954039917E+02 5.954039917E+02
 5.954039917E+02 5.954039917E+02 5.954039917E+02 5.954039917E+02 5.954039917E+02
 5.954039917E+02 5.954039917E+02 5.954039917E+02 5.954039917E+02 5.954039917E+02
 5.954039917E+02 5.954039917E+02 5.954039917E+02 5.954039917E+02 5.954039917E+02
 5.954039917E+02 5.954039917E+02 5.954039917E+02 5.954039917E+02 5.954039917E+02
 5.954039917E+02 5.954039917E+02 5.954039917E+02 5.954039917E+02 5.954039917E+02
 5.954039917E+02 5.954039917E+02 5.954039917E+02 5.954039917E+02 5.954039917E+02
 5.954039917E+02 5.954039917E+02 5.954039917E+02 5.954039917E+02 5.954039917E+02
 5.954039917E+02 5.954039917E+02 5.954039917E+02 5.954039917E+02 5.954039917E+02
 5.954039917E+02 5.954039917E+02 5.954039917E+02 5.954039917E+02 5.954039917E+02
 5.954039917E+02 5.954039917E+02 5.954039917E+02 5.954039917E+02 5.954039917E+02
 5.954039917E+02 5.954039917E+02 5.954039917E+02 5.954039917E+02 5.954039917E+02
 5.954039917E+02 5.954039917E+02 5.954039917E+02 5.954039917E+02 5.954039917E+02
 5.954039917E+02 5.954039917E+02 5.954039917E+02 5.954039917E+02 5.954039917E+02
 5.954039917E+02 5.954039917E+02 5.954039917E+02 5.954039917E+02 5.954039917E+02
 5.954039917E+02 5.954039917E+02 5.954039917E+02 5.954039917E+02 5.954039917E+02
 5.954039917E+02 5.954039917E+02 5.954039917E+02 5.954039917E+02 5.954039917E+02
 5.954039917E+02 5.954039917E+02 5.954039917E+02 5.954039917E+02 5.954039917E+02
 5.954039917E+02 5.954039917E+02 5.954039917E+02 5.954039917E+02 5.954039917E+02
 5.954039917E+02 5.954039917E+02 5.954039917E+02 5.954039917E+02 5.954039917E+02
 5.954039917E+02 5.954039917E+02 5.954039917E+02 5.954039917E+02 5.954039917E+02
 5.954039917E+02 5.954039917E+02 5.954039917E+02 5.954039917E+02 5.954039917E+02
 5.954039917E+02 5.954039917E+02 5.954039917E+02 5.954039917E+02 5.954039917E+02
 5.954039917E+02 5.954039917E+02 5.954039917E+02 5.954039917E+02 5.954039917E+02
 5.954039917E+02 5.954039917E+02 5.954039917E+02 5.954039917E+02 5.954039917E+02
 5.954039917E+02 5.954039917E+02 5.954039917E+02 5.950949707E+02 3.402310059E+03
 3.402310059E+03 3.402310059E+03 3.402310059E+03 3.402310059E+03 3.402310059E+03
 3.402310059E+03 3.402310059E+03 3.402310059E+03 3.402310059E+03 3.402310059E+03
 3.402310059E+03 3.402310059E+03 3.402310059E+03 3.402310059E+03 3.402310059E+03
 3.402310059E+03 3.402310059E+03 3.402310059E+03 3.402310059E+03 3.402310059E+03
 3.402310059E+03 3.402310059E+03 3.402270020E+03 3.400989990E+03 3.362959961E+03
 1.904739990E+03 6.033839722E+02 5.961550293E+02 5.954760132E+02 5.954110107E+02
 5.954050293E+02 5.954050293E+02 5.954050293E+02 5.954050293E+02 5.954050293E+02
 5.954050293E+02 5.954050293E+02 5.954050293E+02 5.954050293E+02 5.954050293E+02
 5.954050293E+02 5.954050293E+02 5.954050293E+02 5.954050293E+02 5.954050293E+02
 5.954050293E+02 5.954050293E+02 5.954050293E+02 5.954050293E+02 5.954050293E+02
 5.954050293E+02 5.954050293E+02 5.954050293E+02 5.954050293E+02 5.954050293E+02
 5.954050293E+02 5.954050293E+02 5.954039917E+02 5.954039917E+02 5.954039917E+02
 5.954039917E+02 5.954039917E+02 5.954039917E+02 5.954039917E+02 5.954039917E+02
 5.954039917E+02 5.954039917E+02 5.954039917E+02 5.954039917E+02 5.954039917E+02
 5.954039917E+02 5.954039917E+02 5.954039917E+02 5.954039917E+02 5.954039917E+02
 5.954039917E+02 5.954039917E+02 5.954039917E+02 5.954039917E+02 5.954039917E+02
 5.954039917E+02 5.954039917E+02 5.954039917E+02 5.954039917E+02 5.954039917E+02
 5.954039917E+02 5.954039917E+02 5.954039917E+02 5.954039917E+02 5.954039917E+02
 5.954039917E+02 5.954039917E+02 5.954039917E+02 5.954039917E+02 5.954039917E+02
 5.954039917E+02 5.954039917E+02 5.954039917E+02 5.954039917E+02 5.954039917E+02
 5.954039917E+02 5.954039917E+02 5.954039917E+02 5.954039917E+02 5.954039917E+02
 5.954039917E+02 5.954039917E+02 5.954039917E+02 5.954039917E+02 5.954039917E+02
 5.954039917E+02 5.954039917E+02 5.954039917E+02 5.954039917E+02 5.954039917E+02
 5.954039917E+02 5.954039917E+02 5.954039917E+02 5.954039917E+02 5.954039917E+02
 5.954039917E+02 5.954039917E+02 5.954039917E+02 5.954050293E+02 5.954050293E+02
 5.954050293E+02 5.954050293E+02 5.954050293E+02 5.954050293E+02 5.954050293E+02
 5.954050293E+02 5.954050293E+02 5.954050293E+02 5.954050293E+02 5.954050293E+02
 5.954050293E+02 5.954050293E+02 5.954050293E+02 5.954050293E+02 5.954050293E+02
 5.954050293E+02 5.954050293E+02 5.954050293E+02 5.954050293E+02 5.954050293E+02
 5.954050293E+02 5.954050293E+02 5.954050293E+02 5.954050293E+02 5.954050293E+02
 5.954050293E+02 5.954050293E+02 5.954050293E+02 5.954050293E+02 5.954050293E+02
 5.954050293E+02 5.954050293E+02 5.954050293E+02 5.954050293E+02 5.954050293E+02
 5.954050293E+02 5.954050293E+02 5.954050293E+02 5.954050293E+02 5.954050293E+02
 5.954050293E+02 5.954050293E+02 5.954050293E+02 5.954050293E+02 5.954050293E+02
 5.954050293E+02 5.954050293E+02 5.954050293E+02 5.954050293E+02 5.954050293E+02
 5.954050293E+02 5.954050293E+02 5.954050293E+02 5.954050293E+02 5.954050293E+02
 5.954050293E+02 5.954050293E+02 5.954050293E+02 5.954050293E+02 5.954050293E+02
 5.954050293E+02 5.954050293E+02 5.954050293E+02 5.954050293E+02 5.954050293E+02
 5.954050293E+02 5.954050293E+02 5.954050293E+02 5.954050293E+02 5.954050293E+02
 5.954050293E+02 5.954050293E+02 5.954050293E+02 5.954050293E+02 5.954050293E+02
 5.954050293E+02 5.954050293E+02 5.954050293E+02 5.954050293E+02 5.954050293E+02
 5.954050293E+02 5.954050293E+02 5.954050293E+02 5.954050293E+02 5.954050293E+02
 5.954050293E+02 5.954050293E+02 5.954050293E+02 5.954050293E+02 5.954050293E+02
 5.954050293E+02 5.954050293E+02 5.954050293E+02 5.954050293E+02 5.954050293E+02
 5.954050293E+02 5.954039917E+02 5.954039917E+02 5.954039917E+02 5.954030151E+02
 5.954030151E+02 5.954019775E+02 5.954010010E+02 5.954000244E+02 5.953980103E+02
 5.953959961E+02 5.953939819E+02 5.953909912E+02 5.953870239E+02 5.953820190E+02
 5.953759766E+02 5.953679810E+02 5.953579712E+02 5.953449707E+02 5.953300171E+02
 5.953109741E+02 5.952880249E+02 5.952600098E+02 5.952269897E+02 5.951859741E+02
 5.951380005E+02 5.950819702E+02 5.950150146E+02 5.949379883E+02 5.948480225E+02
 5.947639771E+02 5.954039917E+02 5.954039917E+02 5.954039917E+02 5.954039917E+02
 5.954039917E+02 5.954039917E+02 5.954039917E+02 5.954039917E+02 5.954039917E+02
 5.954039917E+02 5.954039917E+02 5.954039917E+02 5.954039917E+02 5.954039917E+02
 5.954039917E+02 5.954039917E+02 5.954039917E+02 5.954039917E+02 5.954039917E+02
 5.954039917E+02 5.954039917E+02 5.954039917E+02 5.954039917E+02 5.954039917E+02
 5.954039917E+02 5.954039917E+02 5.954039917E+02 5.954039917E+02 5.954039917E+02
 5.954039917E+02 5.954039917E+02 5.954039917E+02 5.954039917E+02 5.954039917E+02
 5.954039917E+02 5.954039917E+02 5.954039917E+02 5.954039917E+02 5.954039917E+02
 5.954039917E+02 5.954039917E+02 5.954039917E+02 5.954039917E+02 5.954039917E+02
 5.954039917E+02 5.954039917E+02 5.954039917E+02 5.954039917E+02 5.954039917E+02
 5.954039917E+02 5.954039917E+02 5.954039917E+02 5.954039917E+02 5.954039917E+02
 5.954039917E+02 5.954039917E+02 5.954039917E+02 5.954039917E+02 5.954039917E+02
 5.954039917E+02 5.954039917E+02 5.954039917E+02 5.954039917E+02 5.954039917E+02
 5.954039917E+02 5.954039917E+02 5.954039917E+02 5.954039917E+02 5.954039917E+02
 5.954039917E+02 5.954039917E+02 5.954039917E+02 5.954039917E+02 5.954039917E+02
 5.954039917E+02 5.954039917E+02 5.954039917E+02 5.954039917E+02 5.954039917E+02
 5.954039917E+02 5.954039917E+02 5.954039917E+02 5.954039917E+02 5.954039917E+02
 5.954039917E+02 5.954039917E+02 5.954039917E+02 5.954039917E+02 5.954039917E+02
 5.954039917E+02 5.954039917E+02 5.954039917E+02 5.954039917E+02 5.954039917E+02
 5.954039917E+02 5.954039917E+02 5.954039917E+02 5.954039917E+02 5.954039917E+02
 5.954039917E+02 5.954039917E+02 5.954039917E+02 5.954039917E+02 5.954039917E+02
 5.954039917E+02 5.954039917E+02 5.954039917E+02 5.954039917E+02 5.954039917E+02
 5.954039917E+02 5.954039917E+02 5.954039917E+02 5.954039917E+02 5.954039917E+02
 5.954039917E+02 5.954039917E+02 5.954039917E+02 5.954039917E+02 5.954039917E+02
 5.954039917E+02 5.954039917E+02 5.954039917E+02 5.954039917E+02 5.954039917E+02
 5.954039917E+02 5.954039917E+02 5.954039917E+02 5.954039917E+02 5.954039917E+02
 5.954039917E+02 5.954039917E+02 5.954039917E+02 5.954039917E+02 5.954039917E+02
 5.954039917E+02 5.954039917E+02 5.954039917E+02 5.954039917E+02 5.954039917E+02
 5.954039917E+02 5.954039917E+02 5.954039917E+02 5.954039917E+02 5.954039917E+02
 5.954039917E+02 5.954039917E+02 5.954039917E+02 5.954039917E+02 5.954039917E+02
 5.950949707E+02 3.402310059E+03 3.402310059E+03 3.402310059E+03 3.402310059E+03
 3.402310059E+03 3.402310059E+03 3.402310059E+03 3.402310059E+03 3.402310059E+03
 3.402310059E+03 3.402310059E+03 3.402310059E+03 3.402310059E+03 3.402310059E+03
 3.402310059E+03 3.402310059E+03 3.402310059E+03 3.402310059E+03 3.402310059E+03
 3.402310059E+03 3.402310059E+03 3.402310059E+03 3.402310059E+03 3.402270020E+03
 3.400989990E+03 3.362959961E+03 1.904739990E+03 6.033839722E+02 5.961550293E+02
 5.954760132E+02 5.954110107E+02 5.954050293E+02 5.954050293E+02 5.954050293E+02
 5.954050293E+02 5.954050293E+02 5.954050293E+02 5.954050293E+02 5.954050293E+02
 5.954050293E+02 5.954050293E+02 5.954050293E+02 5.954050293E+02 5.954050293E+02
 5.954050293E+02 5.954050293E+02 5.954050293E+02 5.954050293E+02 5.954050293E+02
 5.954050293E+02 5.954050293E+02 5.954050293E+02 5.954050293E+02 5.954050293E+02
 5.954050293E+02 5.954050293E+02 5.954050293E+02 5.954050293E+02 5.954039917E+02
 5.954039917E+02 5.954039917E+02 5.954039917E+02 5.954039917E+02 5.954039917E+02
 5.954039917E+02 5.954039917E+02 5.954039917E+02 5.954039917E+02 5.954039917E+02
 5.954039917E+02 5.954039917E+02 5.954039917E+02 5.954039917E+02 5.954039917E+02
 5.954039917E+02 5.954039917E+02 5.954039917E+02 5.954039917E+02 5.954039917E+02
 5.954039917E+02 5.954039917E+02 5.954039917E+02 5.954039917E+02 5.954039917E+02
 5.954039917E+02 5.954039917E+02 5.954039917E+02 5.954039917E+02 5.954039917E+02
 5.954039917E+02 5.954039917E+02 5.954039917E+02 5.954039917E+02 5.954039917E+02
 5.954039917E+02 5.954039917E+02 5.954039917E+02 5.954039917E+02 5.954039917E+02
 5.954039917E+02 5.954039917E+02 5.954039917E+02 5.954039917E+02 5.954039917E+02
 5.954039917E+02 5.954039917E+02 5.954039917E+02 5.954039917E+02 5.954039917E+02
 5.954039917E+02 5.954039917E+02 5.954039917E+02 5.954039917E+02 5.954039917E+02
 5.954039917E+02 5.954039917E+02 5.954039917E+02 5.954039917E+02 5.954039917E+02
 5.954039917E+02 5.954039917E+02 5.954039917E+02 5.954039917E+02 5.954039917E+02
 5.954050293E+02 5.954050293E+02 5.954050293E+02 5.954050293E+02 5.954050293E+02
 5.954050293E+02 5.954050293E+02 5.954050293E+02 5.954050293E+02 5.954050293E+02
 5.954050293E+02 5.954050293E+02 5.954050293E+02 5.954050293E+02 5.954050293E+02
 5.954050293E+02 5.954050293E+02 5.954050293E+02 5.954050293E+02 5.954050293E+02
 5.954050293E+02 5.954050293E+02 5.954050293E+02 5.954050293E+02 5.954050293E+02
 5.954050293E+02 5.954050293E+02 5.954050293E+02 5.954050293E+02 5.954050293E+02
 5.954050293E+02 5.954050293E+02 5.954050293E+02 5.954050293E+02 5.954050293E+02
 5.954050293E+02 5.954050293E+02 5.954050293E+02 5.954050293E+02 5.954050293E+02
 5.954050293E+02 5.954050293E+02 5.954050293E+02 5.954050293E+02 5.954050293E+02
 5.954050293E+02 5.954050293E+02 5.954050293E+02 5.954050293E+02 5.954050293E+02
 5.954050293E+02 5.954050293E+02 5.954050293E+02 5.954050293E+02 5.954050293E+02
 5.954050293E+02 5.954050293E+02 5.954050293E+02 5.954050293E+02 5.954050293E+02
 5.954050293E+02 5.954050293E+02 5.954050293E+02 5.954050293E+02 5.954050293E+02
 5.954050293E+02 5.954050293E+02 5.954050293E+02 5.954050293E+02 5.954050293E+02
 5.954050293E+02 5.954050293E+02 5.954050293E+02 5.954050293E+02 5.954050293E+02
 5.954050293E+02 5.954050293E+02 5.954050293E+02 5.954050293E+02 5.954050293E+02
 5.954050293E+02 5.954050293E+02 5.954050293E+02 5.954050293E+02 5.954050293E+02
 5.954050293E+02 5.954050293E+02 5.954050293E+02 5.954050293E+02 5.954050293E+02
 5.954050293E+02 5.954050293E+02 5.954050293E+02 5.954050293E+02 5.954050293E+02
 5.954050293E+02 5.954050293E+02 5.954050293E+02 5.954039917E+02 5.954039917E+02
 5.954039917E+02 5.954030151E+02 5.954030151E+02 5.954019775E+02 5.954010010E+02
 5.954000244E+02 5.953980103E+02 5.953959961E+02 5.953939819E+02 5.953909912E+02
 5.953870239E+02 5.953820190E+02 5.953759766E+02 5.953679810E+02 5.953579712E+02
 5.953449707E+02 5.953300171E+02 5.953109741E+02 5.952880249E+02 5.952600098E+02
 5.952269897E+02 5.951859741E+02 5.951380005E+02 5.950819702E+02 5.950150146E+02
 5.949379883E+02 5.948480225E+02 5.947639771E+02 5.954039917E+02 5.954039917E+02
 5.954039917E+02 5.954039917E+02 5.954039917E+02 5.954039917E+02 5.954039917E+02
 5.954039917E+02 5.954039917E+02 5.954039917E+02 5.954039917E+02 5.954039917E+02
 5.954039917E+02 5.954039917E+02 5.954039917E+02 5.954039917E+02 5.954039917E+02
 5.954039917E+02 5.954039917E+02 5.954039917E+02 5.954039917E+02 5.954039917E+02
 5.954039917E+02 5.954039917E+02 5.954039917E+02 5.954039917E+02 5.954039917E+02
 5.954039917E+02 5.954039917E+02 5.954039917E+02 5.954039917E+02 5.954039917E+02
 5.954039917E+02 5.954039917E+02 5.954039917E+02 5.954039917E+02 5.954039917E+02
 5.954039917E+02 5.954039917E+02 5.954039917E+02 5.954039917E+02 5.954039917E+02
 5.954039917E+02 5.954039917E+02 5.954039917E+02 5.954039917E+02 5.954039917E+02
 5.954039917E+02 5.954039917E+02 5.954039917E+02 5.954039917E+02 5.954039917E+02
 5.954039917E+02 5.954039917E+02 5.954039917E+02 5.954039917E+02 5.954039917E+02
 5.954039917E+02 5.954039917E+02 5.954039917E+02 5.954039917E+02 5.954039917E+02
 5.954039917E+02 5.954039917E+02 5.954039917E+02 5.954039917E+02 5.954039917E+02
 5.954039917E+02 5.954039917E+02 5.954039917E+02 5.954039917E+02 5.954039917E+02
 5.954039917E+02 5.954039917E+02 5.954039917E+02 5.954039917E+02 5.954039917E+02
 5.954039917E+02 5.954039917E+02 5.954039917E+02 5.954039917E+02 5.954039917E+02
 5.954039917E+02 5.954039917E+02 5.954039917E+02 5.954039917E+02 5.954039917E+02
 5.954039917E+02 5.954039917E+02 5.954039917E+02 5.954039917E+02 5.954039917E+02
 5.954039917E+02 5.954039917E+02 5.954039917E+02 5.954039917E+02 5.954039917E+02
 5.954039917E+02 5.954039917E+02 5.954039917E+02 5.954039917E+02 5.954039917E+02
 5.954039917E+02 5.954039917E+02 5.954039917E+02 5.954039917E+02 5.954039917E+02
 5.954039917E+02 5.954039917E+02 5.954039917E+02 5.954039917E+02 5.954039917E+02
 5.954039917E+02 5.954039917E+02 5.954039917E+02 5.954039917E+02 5.954039917E+02
 5.954039917E+02 5.954039917E+02 5.954039917E+02 5.954039917E+02 5.954039917E+02
 5.954039917E+02 5.954039917E+02 5.954039917E+02 5.954039917E+02 5.954039917E+02
 5.954039917E+02 5.954039917E+02 5.954039917E+02 5.954039917E+02 5.954039917E+02
 5.954039917E+02 5.954039917E+02 5.954039917E+02 5.954039917E+02 5.954039917E+02
 5.954039917E+02 5.954039917E+02 5.954039917E+02 5.954039917E+02 5.954039917E+02
 5.954039917E+02 5.954039917E+02 5.954039917E+02 5.954039917E+02 5.954039917E+02
 5.954039917E+02 5.954039917E+02 5.950949707E+02 3.402310059E+03 3.402310059E+03
 3.402310059E+03 3.402310059E+03 3.402310059E+03 3.402310059E+03 3.402310059E+03
 3.402310059E+03 3.402310059E+03 3.402310059E+03 3.402310059E+03 3.402310059E+03
 3.402310059E+03 3.402310059E+03 3.402310059E+03 3.402310059E+03 3.402310059E+03
 3.402310059E+03 3.402310059E+03 3.402310059E+03 3.402310059E+03 3.402310059E+03
 3.402310059E+03 3.402270020E+03 3.400989990E+03 3.362959961E+03 1.904739990E+03
 6.033839722E+02 5.961550293E+02 5.954760132E+02 5.954110107E+02 5.954050293E+02
 5.954050293E+02 5.954050293E+02 5.954050293E+02 5.954050293E+02 5.954050293E+02
 5.954050293E+02 5.954050293E+02 5.954050293E+02 5.954050293E+02 5.954050293E+02
 5.954050293E+02 5.954050293E+02 5.954050293E+02 5.954050293E+02 5.954050293E+02
 5.954050293E+02 5.954050293E+02 5.954050293E+02 5.954050293E+02 5.954050293E+02
 5.954050293E+02 5.954050293E+02 5.954050293E+02 5.954050293E+02 5.954050293E+02
 5.954050293E+02 5.954039917E+02 5.954039917E+02 5.954039917E+02 5.954039917E+02
 5.954039917E+02 5.954039917E+02 5.954039917E+02 5.954039917E+02 5.954039917E+02
 5.954039917E+02 5.954039917E+02 5.954039917E+02 5.954039917E+02 5.954039917E+02
 5.954039917E+02 5.954039917E+02 5.954039917E+02 5.954039917E+02 5.954039917E+02
 5.954039917E+02 5.954039917E+02 5.954039917E+02 5.954039917E+02 5.954039917E+02
 5.954039917E+02 5.954039917E+02 5.954039917E+02 5.954039917E+02 5.954039917E+02
 5.954039917E+02 5.954039917E+02 5.954039917E+02 5.954039917E+02 5.954039917E+02
 5.954039917E+02 5.954039917E+02 5.954039917E+02 5.954039917E+02 5.954039917E+02
 5.954039917E+02 5.954039917E+02 5.954039917E+02 5.954039917E+02 5.954039917E+02
 5.954039917E+02 5.954039917E+02 5.954039917E+02 5.954039917E+02 5.954039917E+02
 5.954039917E+02 5.954039917E+02 5.954039917E+02 5.954039917E+02 5.954039917E+02
 5.954039917E+02 5.954039917E+02 5.954039917E+02 5.954039917E+02 5.954039917E+02
 5.954039917E+02 5.954039917E+02 5.954039917E+02 5.954039917E+02 5.954039917E+02
 5.954039917E+02 5.954039917E+02 5.954050293E+02 5.954050293E+02 5.954050293E+02
 5.954050293E+02 5.954050293E+02 5.954050293E+02 5.954050293E+02 5.954050293E+02
 5.954050293E+02 5.954050293E+02 5.954050293E+02 5.954050293E+02 5.954050293E+02
 5.954050293E+02 5.954050293E+02 5.954050293E+02 5.954050293E+02 5.954050293E+02
 5.954050293E+02 5.954050293E+02 5.954050293E+02 5.954050293E+02 5.954050293E+02
 5.954050293E+02 5.954050293E+02 5.954050293E+02 5.954050293E+02 5.954050293E+02
 5.954050293E+02 5.954050293E+02 5.954050293E+02 5.954050293E+02 5.954050293E+02
 5.954050293E+02 5.954050293E+02 5.954050293E+02 5.954050293E+02 5.954050293E+02
 5.954050293E+02 5.954050293E+02 5.954050293E+02 5.954050293E+02 5.954050293E+02
 5.954050293E+02 5.954050293E+02 5.954050293E+02 5.954050293E+02 5.954050293E+02
 5.954050293E+02 5.954050293E+02 5.954050293E+02 5.954050293E+02 5.954050293E+02
 5.954050293E+02 5.954050293E+02 5.954050293E+02 5.954050293E+02 5.954050293E+02
 5.954050293E+02 5.954050293E+02 5.954050293E+02 5.954050293E+02 5.954050293E+02
 5.954050293E+02 5.954050293E+02 5.954050293E+02 5.954050293E+02 5.954050293E+02
 5.954050293E+02 5.954050293E+02 5.954050293E+02 5.954050293E+02 5.954050293E+02
 5.954050293E+02 5.954050293E+02 5.954050293E+02 5.954050293E+02 5.954050293E+02
 5.954050293E+02 5.954050293E+02 5.954050293E+02 5.954050293E+02 5.954050293E+02
 5.954050293E+02 5.954050293E+02 5.954050293E+02 5.954050293E+02 5.954050293E+02
 5.954050293E+02 5.954050293E+02 5.954050293E+02 5.954050293E+02 5.954050293E+02
 5.954050293E+02 5.954050293E+02 5.954050293E+02 5.954050293E+02 5.954050293E+02
 5.954039917E+02 5.954039917E+02 5.954039917E+02 5.954030151E+02 5.954030151E+02
 5.954019775E+02 5.954010010E+02 5.954000244E+02 5.953980103E+02 5.953959961E+02
 5.953939819E+02 5.953909912E+02 5.953870239E+02 5.953820190E+02 5.953759766E+02
 5.953679810E+02 5.953579712E+02 5.953449707E+02 5.953300171E+02 5.953109741E+02
 5.952880249E+02 5.952600098E+02 5.952269897E+02 5.951859741E+02 5.951380005E+02
 5.950819702E+02 5.950150146E+02 5.949379883E+02 5.948480225E+02 5.947639771E+02
 5.954039917E+02 5.954039917E+02 5.954039917E+02 5.954039917E+02 5.954039917E+02
 5.954039917E+02 5.954039917E+02 5.954039917E+02 5.954039917E+02 5.954039917E+02
 5.954039917E+02 5.954039917E+02 5.954039917E+02 5.954039917E+02 5.954039917E+02
 5.954039917E+02 5.954039917E+02 5.954039917E+02 5.954039917E+02 5.954039917E+02
 5.954039917E+02 5.954039917E+02 5.954039917E+02 5.954039917E+02 5.954039917E+02
 5.954039917E+02 5.954039917E+02 5.954039917E+02 5.954039917E+02 5.954039917E+02
 5.954039917E+02 5.954039917E+02 5.954039917E+02 5.954039917E+02 5.954039917E+02
 5.954039917E+02 5.954039917E+02 5.954039917E+02 5.954039917E+02 5.954039917E+02
 5.954039917E+02 5.954039917E+02 5.954039917E+02 5.954039917E+02 5.954039917E+02
 5.954039917E+02 5.954039917E+02 5.954039917E+02 5.954039917E+02 5.954039917E+02
 5.954039917E+02 5.954039917E+02 5.954039917E+02 5.954039917E+02 5.954039917E+02
 5.954039917E+02 5.954039917E+02 5.954039917E+02 5.954039917E+02 5.954039917E+02
 5.954039917E+02 5.954039917E+02 5.954039917E+02 5.954039917E+02 5.954039917E+02
 5.954039917E+02 5.954039917E+02 5.954039917E+02 5.954039917E+02 5.954039917E+02
 5.954039917E+02 5.954039917E+02 5.954039917E+02 5.954039917E+02 5.954039917E+02
 5.954039917E+02 5.954039917E+02 5.954039917E+02 5.954039917E+02 5.954039917E+02
 5.954039917E+02 5.954039917E+02 5.954039917E+02 5.954039917E+02 5.954039917E+02
 5.954039917E+02 5.954039917E+02 5.954039917E+02 5.954039917E+02 5.954039917E+02
 5.954039917E+02 5.954039917E+02 5.954039917E+02 5.954039917E+02 5.954039917E+02
 5.954039917E+02 5.954039917E+02 5.954039917E+02 5.954039917E+02 5.954039917E+02
 5.954039917E+02 5.954039917E+02 5.954039917E+02 5.954039917E+02 5.954039917E+02
 5.954039917E+02 5.954039917E+02 5.954039917E+02 5.954039917E+02 5.954039917E+02
 5.954039917E+02 5.954039917E+02 5.954039917E+02 5.954039917E+02 5.954039917E+02
 5.954039917E+02 5.954039917E+02 5.954039917E+02 5.954039917E+02 5.954039917E+02
 5.954039917E+02 5.954039917E+02 5.954039917E+02 5.954039917E+02 5.954039917E+02
 5.954039917E+02 5.954039917E+02 5.954039917E+02 5.954039917E+02 5.954039917E+02
 5.954039917E+02 5.954039917E+02 5.954039917E+02 5.954039917E+02 5.954039917E+02
 5.954039917E+02 5.954039917E+02 5.954039917E+02 5.954039917E+02 5.954039917E+02
 5.954039917E+02 5.954039917E+02 5.954039917E+02 5.954039917E+02 5.954039917E+02
 5.954039917E+02 5.954039917E+02 5.954039917E+02 5.954039917E+02 5.950949707E+02
 3.402310059E+03 3.402310059E+03 3.402310059E+03 3.402310059E+03 3.402310059E+03
 3.402310059E+03 3.402310059E+03 3.402310059E+03 3.402310059E+03 3.402310059E+03
 3.402310059E+03 3.402310059E+03 3.402310059E+03 3.402310059E+03 3.402310059E+03
 3.402310059E+03 3.402310059E+03 3.402310059E+03 3.402310059E+03 3.402310059E+03
 3.402310059E+03 3.402310059E+03 3.402310059E+03 3.402270020E+03 3.400989990E+03
 3.362959961E+03 1.904739990E+03 6.033839722E+02 5.961550293E+02 5.954760132E+02
 5.954110107E+02 5.954050293E+02 5.954050293E+02 5.954050293E+02 5.954050293E+02
 5.954050293E+02 5.954050293E+02 5.954050293E+02 5.954050293E+02 5.954050293E+02
 5.954050293E+02 5.954050293E+02 5.954050293E+02 5.954050293E+02 5.954050293E+02
 5.954050293E+02 5.954050293E+02 5.954050293E+02 5.954050293E+02 5.954050293E+02
 5.954050293E+02 5.954050293E+02 5.954050293E+02 5.954050293E+02 5.954050293E+02
 5.954050293E+02 5.954050293E+02 5.954050293E+02 5.954039917E+02 5.954039917E+02
 5.954039917E+02 5.954039917E+02 5.954039917E+02 5.954039917E+02 5.954039917E+02
 5.954039917E+02 5.954039917E+02 5.954039917E+02 5.954039917E+02 5.954039917E+02
 5.954039917E+02 5.954039917E+02 5.954039917E+02 5.954039917E+02 5.954039917E+02
 5.954039917E+02 5.954039917E+02 5.954039917E+02 5.954039917E+02 5.954039917E+02
 5.954039917E+02 5.954039917E+02 5.954039917E+02 5.954039917E+02 5.954039917E+02
 5.954039917E+02 5.954039917E+02 5.954039917E+02 5.954039917E+02 5.954039917E+02
 5.954039917E+02 5.954039917E+02 5.954039917E+02 5.954039917E+02 5.954039917E+02
 5.954039917E+02 5.954039917E+02 5.954039917E+02 5.954039917E+02 5.954039917E+02
 5.954039917E+02 5.954039917E+02 5.954039917E+02 5.954039917E+02 5.954039917E+02
 5.954039917E+02 5.954039917E+02 5.954039917E+02 5.954039917E+02 5.954039917E+02
 5.954039917E+02 5.954039917E+02 5.954039917E+02 5.954039917E+02 5.954039917E+02
 5.954039917E+02 5.954039917E+02 5.954039917E+02 5.954039917E+02 5.954039917E+02
 5.954039917E+02 5.954039917E+02 5.954039917E+02 5.954039917E+02 5.954050293E+02
 5.954050293E+02 5.954050293E+02 5.954050293E+02 5.954050293E+02 5.954050293E+02
 5.954050293E+02 5.954050293E+02 5.954050293E+02 5.954050293E+02 5.954050293E+02
 5.954050293E+02 5.954050293E+02 5.954050293E+02 5.954050293E+02 5.954050293E+02
 5.954050293E+02 5.954050293E+02 5.954050293E+02 5.954050293E+02 5.954050293E+02
 5.954050293E+02 5.954050293E+02 5.954050293E+02 5.954050293E+02 5.954050293E+02
 5.954050293E+02 5.954050293E+02 5.954050293E+02 5.954050293E+02 5.954050293E+02
 5.954050293E+02 5.954050293E+02 5.954050293E+02 5.954050293E+02 5.954050293E+02
 5.954050293E+02 5.954050293E+02 5.954050293E+02 5.954050293E+02 5.954050293E+02
 5.954050293E+02 5.954050293E+02 5.954050293E+02 5.954050293E+02 5.954050293E+02
 5.954050293E+02 5.954050293E+02 5.954050293E+02 5.954050293E+02 5.954050293E+02
 5.954050293E+02 5.954050293E+02 5.954050293E+02 5.954050293E+02 5.954050293E+02
 5.954050293E+02 5.954050293E+02 5.954050293E+02 5.954050293E+02 5.954050293E+02
 5.954050293E+02 5.954050293E+02 5.954050293E+02 5.954050293E+02 5.954050293E+02
 5.954050293E+02 5.954050293E+02 5.954050293E+02 5.954050293E+02 5.954050293E+02
 5.954050293E+02 5.954050293E+02 5.954050293E+02 5.954050293E+02 5.954050293E+02
 5.954050293E+02 5.954050293E+02 5.954050293E+02 5.954050293E+02 5.954050293E+02
 5.954050293E+02 5.954050293E+02 5.954050293E+02 5.954050293E+02 5.954050293E+02
 5.954050293E+02 5.954050293E+02 5.954050293E+02 5.954050293E+02 5.954050293E+02
 5.954050293E+02 5.954050293E+02 5.954050293E+02 5.954050293E+02 5.954050293E+02
 5.954050293E+02 5.954050293E+02 5.954039917E+02 5.954039917E+02 5.954039917E+02
 5.954030151E+02 5.954030151E+02 5.954019775E+02 5.954010010E+02 5.954000244E+02
 5.953980103E+02 5.953959961E+02 5.953939819E+02 5.953909912E+02 5.953870239E+02
 5.953820190E+02 5.953759766E+02 5.953679810E+02 5.953579712E+02 5.953449707E+02
 5.953300171E+02 5.953109741E+02 5.952880249E+02 5.952600098E+02 5.952269897E+02
 5.951859741E+02 5.951380005E+02 5.950819702E+02 5.950150146E+02 5.949379883E+02
 5.948480225E+02 5.947639771E+02 5.954039917E+02 5.954039917E+02 5.954039917E+02
 5.954039917E+02 5.954039917E+02 5.954039917E+02 5.954039917E+02 5.954039917E+02
 5.954039917E+02 5.954039917E+02 5.954039917E+02 5.954039917E+02 5.954039917E+02
 5.954039917E+02 5.954039917E+02 5.954039917E+02 5.954039917E+02 5.954039917E+02
 5.954039917E+02 5.954039917E+02 5.954039917E+02 5.954039917E+02 5.954039917E+02
 5.954039917E+02 5.954039917E+02 5.954039917E+02 5.954039917E+02 5.954039917E+02
 5.954039917E+02 5.954039917E+02 5.954039917E+02 5.954039917E+02 5.954039917E+02
 5.954039917E+02 5.954039917E+02 5.954039917E+02 5.954039917E+02 5.954039917E+02
 5.954039917E+02 5.954039917E+02 5.954039917E+02 5.954039917E+02 5.954039917E+02
 5.954039917E+02 5.954039917E+02 5.954039917E+02 5.954039917E+02 5.954039917E+02
 5.954039917E+02 5.954039917E+02 5.954039917E+02 5.954039917E+02 5.954039917E+02
 5.954039917E+02 5.954039917E+02 5.954039917E+02 5.954039917E+02 5.954039917E+02
 5.954039917E+02 5.954039917E+02 5.954039917E+02 5.954039917E+02 5.954039917E+02
 5.954039917E+02 5.954039917E+02 5.954039917E+02 5.954039917E+02 5.954039917E+02
 5.954039917E+02 5.954039917E+02 5.954039917E+02 5.954039917E+02 5.954039917E+02
 5.954039917E+02 5.954039917E+02 5.954039917E+02 5.954039917E+02 5.954039917E+02
 5.954039917E+02 5.954039917E+02 5.954039917E+02 5.954039917E+02 5.954039917E+02
 5.954039917E+02 5.954039917E+02 5.954039917E+02 5.954039917E+02 5.954039917E+02
 5.954039917E+02 5.954039917E+02 5.954039917E+02 5.954039917E+02 5.954039917E+02
 5.954039917E+02 5.954039917E+02 5.954039917E+02 5.954039917E+02 5.954039917E+02
 5.954039917E+02 5.954039917E+02 5.954039917E+02 5.954039917E+02 5.954039917E+02
 5.954039917E+02 5.954039917E+02 5.954039917E+02 5.954039917E+02 5.954039917E+02
 5.954039917E+02 5.954039917E+02 5.954039917E+02 5.954039917E+02 5.954039917E+02
 5.954039917E+02 5.954039917E+02 5.954039917E+02 5.954039917E+02 5.954039917E+02
 5.954039917E+02 5.954039917E+02 5.954039917E+02 5.954039917E+02 5.954039917E+02
 5.954039917E+02 5.954039917E+02 5.954039917E+02 5.954039917E+02 5.954039917E+02
 5.954039917E+02 5.954039917E+02 5.954039917E+02 5.954039917E+02 5.954039917E+02
 5.954039917E+02 5.954039917E+02 5.954039917E+02 5.954039917E+02 5.954039917E+02
 5.954039917E+02 5.954039917E+02 5.954039917E+02 5.954039917E+02 5.954039917E+02
 5.954039917E+02 5.954039917E+02 5.954039917E+02 5.954039917E+02 5.954039917E+02
 5.954039917E+02 5.950949707E+02 3.402310059E+03 3.402310059E+03 3.402310059E+03
 3.402310059E+03 3.402310059E+03 3.402310059E+03 3.402310059E+03 3.402310059E+03
 3.402310059E+03 3.402310059E+03 3.402310059E+03 3.402310059E+03 3.402310059E+03
 3.402310059E+03 3.402310059E+03 3.402310059E+03 3.402310059E+03 3.402310059E+03
 3.402310059E+03 3.402310059E+03 3.402310059E+03 3.402310059E+03 3.402310059E+03
 3.402270020E+03 3.400989990E+03 3.362959961E+03 1.904739990E+03 6.033839722E+02
 5.961550293E+02 5.954760132E+02 5.954110107E+02 5.954050293E+02 5.954050293E+02
 5.954050293E+02 5.954050293E+02 5.954050293E+02 5.954050293E+02 5.954050293E+02
 5.954050293E+02 5.954050293E+02 5.954050293E+02 5.954050293E+02 5.954050293E+02
 5.954050293E+02 5.954050293E+02 5.954050293E+02 5.954050293E+02 5.954050293E+02
 5.954050293E+02 5.954050293E+02 5.954050293E+02 5.954050293E+02 5.954050293E+02
 5.954050293E+02 5.954050293E+02 5.954050293E+02 5.954050293E+02 5.954050293E+02
 5.954039917E+02 5.954039917E+02 5.954039917E+02 5.954039917E+02 5.954039917E+02
 5.954039917E+02 5.954039917E+02 5.954039917E+02 5.954039917E+02 5.954039917E+02
 5.954039917E+02 5.954039917E+02 5.954039917E+02 5.954039917E+02 5.954039917E+02
 5.954039917E+02 5.954039917E+02 5.954039917E+02 5.954039917E+02 5.954039917E+02
 5.954039917E+02 5.954039917E+02 5.954039917E+02 5.954039917E+02 5.954039917E+02
 5.954039917E+02 5.954039917E+02 5.954039917E+02 5.954039917E+02 5.954039917E+02
 5.954039917E+02 5.954039917E+02 5.954039917E+02 5.954039917E+02 5.954039917E+02
 5.954039917E+02 5.954039917E+02 5.954039917E+02 5.954039917E+02 5.954039917E+02
 5.954039917E+02 5.954039917E+02 5.954039917E+02 5.954039917E+02 5.954039917E+02
 5.954039917E+02 5.954039917E+02 5.954039917E+02 5.954039917E+02 5.954039917E+02
 5.954039917E+02 5.954039917E+02 5.954039917E+02 5.954039917E+02 5.954039917E+02
 5.954039917E+02 5.954039917E+02 5.954039917E+02 5.954039917E+02 5.954039917E+02
 5.954039917E+02 5.954039917E+02 5.954039917E+02 5.954039917E+02 5.954039917E+02
 5.954039917E+02 5.954050293E+02 5.954050293E+02 5.954050293E+02 5.954050293E+02
 5.954050293E+02 5.954050293E+02 5.954050293E+02 5.954050293E+02 5.954050293E+02
 5.954050293E+02 5.954050293E+02 5.954050293E+02 5.954050293E+02 5.954050293E+02
 5.954050293E+02 5.954050293E+02 5.954050293E+02 5.954050293E+02 5.954050293E+02
 5.954050293E+02 5.954050293E+02 5.954050293E+02 5.954050293E+02 5.954050293E+02
 5.954050293E+02 5.954050293E+02 5.954050293E+02 5.954050293E+02 5.954050293E+02
 5.954050293E+02 5.954050293E+02 5.954050293E+02 5.954050293E+02 5.954050293E+02
 5.954050293E+02 5.954050293E+02 5.954050293E+02 5.954050293E+02 5.954050293E+02
 5.954050293E+02 5.954050293E+02 5.954050293E+02 5.954050293E+02 5.954050293E+02
 5.954050293E+02 5.954050293E+02 5.954050293E+02 5.954050293E+02 5.954050293E+02
 5.954050293E+02 5.954050293E+02 5.954050293E+02 5.954050293E+02 5.954050293E+02
 5.954050293E+02 5.954050293E+02 5.954050293E+02 5.954050293E+02 5.954050293E+02
 5.954050293E+02 5.954050293E+02 5.954050293E+02 5.954050293E+02 5.954050293E+02
 5.954050293E+02 5.954050293E+02 5.954050293E+02 5.954050293E+02 5.954050293E+02
 5.954050293E+02 5.954050293E+02 5.954050293E+02 5.954050293E+02 5.954050293E+02
 5.954050293E+02 5.954050293E+02 5.954050293E+02 5.954050293E+02 5.954050293E+02
 5.954050293E+02 5.954050293E+02 5.954050293E+02 5.954050293E+02 5.954050293E+02
 5.954050293E+02 5.954050293E+02 5.954050293E+02 5.954050293E+02 5.954050293E+02
 5.954050293E+02 5.954050293E+02 5.954050293E+02 5.954050293E+02 5.954050293E+02
 5.954050293E+02 5.954050293E+02 5.954050293E+02 5.954050293E+02 5.954039917E+02
 5.954039917E+02 5.954039917E+02 5.954030151E+02 5.954030151E+02 5.954019775E+02
 5.954010010E+02 5.954000244E+02 5.953980103E+02 5.953959961E+02 5.953939819E+02
 5.953909912E+02 5.953870239E+02 5.953820190E+02 5.953759766E+02 5.953679810E+02
 5.953579712E+02 5.953449707E+02 5.953300171E+02 5.953109741E+02 5.952880249E+02
 5.952600098E+02 5.952269897E+02 5.951859741E+02 5.951380005E+02 5.950819702E+02
 5.950150146E+02 5.949379883E+02 5.948480225E+02 5.947639771E+02 5.954039917E+02
 5.954039917E+02 5.954039917E+02 5.954039917E+02 5.954039917E+02 5.954039917E+02
 5.954039917E+02 5.954039917E+02 5.954039917E+02 5.954039917E+02 5.954039917E+02
 5.954039917E+02 5.954039917E+02 5.954039917E+02 5.954039917E+02 5.954039917E+02
 5.954039917E+02 5.954039917E+02 5.954039917E+02 5.954039917E+02 5.954039917E+02
 5.954039917E+02 5.954039917E+02 5.954039917E+02 5.954039917E+02 5.954039917E+02
 5.954039917E+02 5.954039917E+02 5.954039917E+02 5.954039917E+02 5.954039917E+02
 5.954039917E+02 5.954039917E+02 5.954039917E+02 5.954039917E+02 5.954039917E+02
 5.954039917E+02 5.954039917E+02 5.954039917E+02 5.954039917E+02 5.954039917E+02
 5.954039917E+02 5.954039917E+02 5.954039917E+02 5.954039917E+02 5.954039917E+02
 5.954039917E+02 5.954039917E+02 5.954039917E+02 5.954039917E+02 5.954039917E+02
 5.954039917E+02 5.954039917E+02 5.954039917E+02 5.954039917E+02 5.954039917E+02
 5.954039917E+02 5.954039917E+02 5.954039917E+02 5.954039917E+02 5.954039917E+02
 5.954039917E+02 5.954039917E+02 5.954039917E+02 5.954039917E+02 5.954039917E+02
 5.954039917E+02 5.954039917E+02 5.954039917E+02 5.954039917E+02 5.954039917E+02
 5.954039917E+02 5.954039917E+02 5.954039917E+02 5.954039917E+02 5.954039917E+02
 5.954039917E+02 5.954039917E+02 5.954039917E+02 5.954039917E+02 5.954039917E+02
 5.954039917E+02 5.954039917E+02 5.954039917E+02 5.954039917E+02 5.954039917E+02
 5.954039917E+02 5.954039917E+02 5.954039917E+02 5.954039917E+02 5.954039917E+02
 5.954039917E+02 5.954039917E+02 5.954039917E+02 5.954039917E+02 5.954039917E+02
 5.954039917E+02 5.954039917E+02 5.954039917E+02 5.954039917E+02 5.954039917E+02
 5.954039917E+02 5.954039917E+02 5.954039917E+02 5.954039917E+02 5.954039917E+02
 5.954039917E+02 5.954039917E+02 5.954039917E+02 5.954039917E+02 5.954039917E+02
 5.954039917E+02 5.954039917E+02 5.954039917E+02 5.954039917E+02 5.954039917E+02
 5.954039917E+02 5.954039917E+02 5.954039917E+02 5.954039917E+02 5.954039917E+02
 5.954039917E+02 5.954039917E+02 5.954039917E+02 5.954039917E+02 5.954039917E+02
 5.954039917E+02 5.954039917E+02 5.954039917E+02 5.954039917E+02 5.954039917E+02
 5.954039917E+02 5.954039917E+02 5.954039917E+02 5.954039917E+02 5.954039917E+02
 5.954039917E+02 5.954039917E+02 5.954039917E+02 5.954039917E+02 5.954039917E+02
 5.954039917E+02 5.954039917E+02 5.954039917E+02 5.954039917E+02 5.954039917E+02
 5.954039917E+02 5.954039917E+02 5.954039917E+02 5.950949707E+02
