ZONE alpha = 0.5" 
  0.00    1.2250  3401.7407  101325.0000  288.2031   
  0.01    1.2250  3401.7407  101325.0000  288.2031   
  0.02    1.2250  3401.7407  101325.0000  288.2031   
  0.03    1.2250  3401.7407  101325.0000  288.2031   
  0.04    1.2250  3401.7407  101325.0000  288.2031   
  0.05    1.2250  3401.7407  101325.0000  288.2031   
  0.06    1.2250  3401.7407  101325.0000  288.2031   
  0.07    1.2250  3401.7407  101325.0000  288.2031   
  0.08    1.2250  3401.7407  101325.0000  288.2031   
  0.09    1.2250  3401.7407  101325.0000  288.2031   
  0.10    1.2250  3401.7407  101325.0000  288.2031   
  0.11    1.2250  3401.7407  101325.0000  288.2031   
  0.12    1.2250  3401.7407  101325.0000  288.2031   
  0.13    1.2250  3401.7407  101325.0000  288.2031   
  0.14    1.2250  3401.7407  101325.0000  288.2031   
  0.15    1.2250  3401.7407  101325.0000  288.2031   
  0.16    1.2250  3401.7407  101325.0000  288.2031   
  0.17    1.2250  3401.7407  101325.0000  288.2031   
  0.18    1.2250  3401.7407  101325.0000  288.2031   
  0.19    1.2250  3401.7407  101325.0000  288.2031   
  0.20    1.2250  3401.7407  101325.0000  288.2031   
  0.21    1.2250  3401.7407  101325.0000  288.2031   
  0.22    1.2250  3401.7407  101325.0000  288.2031   
  0.23    1.2250  3401.7407  101325.0000  288.2031   
  0.24    1.2250  3401.7407  101325.0000  288.2031   
  0.25    1.2250  3401.7407  101325.0000  288.2031   
  0.26    1.2250  3401.7407  101325.0000  288.2031   
  0.27    1.2250  3401.7407  101325.0000  288.2031   
  0.28    1.2250  3401.7407  101324.9999  288.2031   
  0.29    1.2250  3401.7407  101325.0003  288.2031   
  0.30    1.2250  3401.7407  101324.9991  288.2031   
  0.31    1.2250  3401.7407  101325.0028  288.2031   
  0.32    1.2250  3401.7407  101324.9915  288.2031   
  0.33    1.2250  3401.7408  101325.0256  288.2031   
  0.34    1.2250  3401.7406  101324.9224  288.2029   
  0.35    1.2250  3401.7412  101325.2359  288.2036   
  0.36    1.2250  3401.7392  101324.2795  288.2015   
  0.37    1.2250  3401.7451  101327.2143  288.2082   
  0.38    1.2250  3401.7281  101318.1385  288.1862   
  0.39    1.2250  3401.7766  101346.4884  288.2595   
  0.40    1.2250  3401.6421  101256.7794  288.0134   
  0.41    1.2249  3401.9995  101545.0934  288.8443   
  0.42    1.2255  3401.1186  100599.8667  286.0207   
  0.43    1.2227  3402.9733  103762.5313  295.6802   
  0.44    1.2326  3400.6992  92898.2803  262.6019   
  0.45    1.2060  3393.6473  131396.9980  379.6340   
  0.46    1.2458  3464.6147  -2239.2475   -6.2630   
  0.47    1.9715  2726.7300  925960.8226  1636.5020   
  0.48    3.5902  1667.1895  4129662.6627  4007.8309   
  0.49    5.2620  1040.0813  7791506.3999  5159.3235   
  0.50    6.2900  759.9211  10140157.5248  5617.0621   
  0.51    6.7441  652.1445  11198171.3615  5785.5026   
  0.52    6.9126  614.1535  11594066.9741  5844.0151   
  0.53    6.9707  601.2903  11730938.4936  5863.7329   
  0.54    6.9902  597.0013  11776897.9002  5870.2972   
  0.55    6.9967  595.5789  11792176.1298  5872.4732   
  0.56    6.9988  595.1080  11797237.9737  5873.1934   
  0.57    6.9995  594.9522  11798913.1437  5873.4317   
  0.58    6.9998  594.9007  11799467.3223  5873.5105   
  0.59    6.9998  594.8836  11799650.6351  5873.5366   
  0.60    6.9999  594.8780  11799711.2716  5873.5452   
  0.61    6.9999  594.8761  11799731.3310  5873.5480   
  0.62    6.9999  594.8755  11799737.9691  5873.5490   
  0.63    6.9999  594.8753  11799740.1680  5873.5493   
  0.64    6.9999  594.8752  11799740.8987  5873.5494   
  0.65    6.9999  594.8752  11799741.1436  5873.5494   
  0.66    6.9999  594.8752  11799741.2280  5873.5494   
  0.67    6.9999  594.8752  11799741.2591  5873.5495   
  0.68    6.9999  594.8752  11799741.2727  5873.5495   
  0.69    6.9999  594.8752  11799741.2804  5873.5495   
  0.70    6.9999  594.8752  11799741.2862  5873.5495   
  0.71    6.9999  594.8752  11799741.2914  5873.5495   
  0.72    6.9999  594.8752  11799741.2963  5873.5495   
  0.73    6.9999  594.8752  11799741.3011  5873.5495   
  0.74    6.9999  594.8752  11799741.3059  5873.5495   
  0.75    6.9999  594.8752  11799741.3106  5873.5495   
  0.76    6.9999  594.8752  11799741.3154  5873.5495   
  0.77    6.9999  594.8752  11799741.3201  5873.5495   
  0.78    6.9999  594.8752  11799741.3248  5873.5495   
  0.79    6.9999  594.8752  11799741.3295  5873.5495   
  0.80    6.9999  594.8752  11799741.3341  5873.5495   
  0.81    6.9999  594.8752  11799741.3388  5873.5495   
  0.82    6.9999  594.8752  11799741.3434  5873.5495   
  0.83    6.9999  594.8752  11799741.3480  5873.5495   
  0.84    6.9999  594.8752  11799741.3526  5873.5495   
  0.85    6.9999  594.8752  11799741.3572  5873.5495   
  0.86    6.9999  594.8752  11799741.3617  5873.5495   
  0.87    6.9999  594.8752  11799741.3662  5873.5495   
  0.88    6.9999  594.8752  11799741.3708  5873.5495   
  0.89    6.9999  594.8752  11799741.3753  5873.5495   
  0.90    6.9999  594.8752  11799741.3798  5873.5495   
  0.91    6.9999  594.8752  11799741.3842  5873.5495   
  0.92    6.9999  594.8752  11799741.3887  5873.5495   
  0.93    6.9999  594.8752  11799741.3931  5873.5495   
  0.94    6.9999  594.8752  11799741.3975  5873.5495   
  0.95    6.9999  594.8752  11799741.4019  5873.5495   
  0.96    6.9999  594.8752  11799741.4063  5873.5495   
  0.97    6.9999  594.8752  11799741.4107  5873.5495   
  0.98    6.9999  594.8752  11799741.4150  5873.5495   
  0.99    6.9999  594.8752  11799741.4194  5873.5495   
  1.00    6.9999  594.8752  11799741.4237  5873.5495   
  1.01    6.9999  594.8752  11799741.4280  5873.5495   
  1.02    6.9999  594.8752  11799741.4323  5873.5495   
  1.03    6.9999  594.8752  11799741.4366  5873.5495   
  1.04    6.9999  594.8752  11799741.4408  5873.5495   
  1.05    6.9999  594.8752  11799741.4451  5873.5495   
  1.06    6.9999  594.8752  11799741.4493  5873.5495   
  1.07    6.9999  594.8752  11799741.4535  5873.5495   
  1.08    6.9999  594.8752  11799741.4577  5873.5495   
  1.09    6.9999  594.8752  11799741.4619  5873.5495   
  1.10    6.9999  594.8752  11799741.4661  5873.5495   
  1.11    6.9999  594.8752  11799741.4702  5873.5495   
  1.12    6.9999  594.8752  11799741.4743  5873.5495   
  1.13    6.9999  594.8752  11799741.4785  5873.5495   
  1.14    6.9999  594.8752  11799741.4826  5873.5495   
  1.15    6.9999  594.8752  11799741.4867  5873.5495   
  1.16    6.9999  594.8752  11799741.4908  5873.5495   
  1.17    6.9999  594.8752  11799741.4948  5873.5495   
  1.18    6.9999  594.8752  11799741.4989  5873.5495   
  1.19    6.9999  594.8752  11799741.5029  5873.5495   
  1.20    6.9999  594.8752  11799741.5069  5873.5495   
  1.21    6.9999  594.8752  11799741.5109  5873.5495   
  1.22    6.9999  594.8752  11799741.5149  5873.5495   
  1.23    6.9999  594.8752  11799741.5189  5873.5495   
  1.24    6.9999  594.8752  11799741.5229  5873.5495   
  1.25    6.9999  594.8752  11799741.5268  5873.5495   
  1.26    6.9999  594.8752  11799741.5308  5873.5495   
  1.27    6.9999  594.8752  11799741.5347  5873.5495   
  1.28    6.9999  594.8752  11799741.5386  5873.5495   
  1.29    6.9999  594.8752  11799741.5425  5873.5495   
  1.30    6.9999  594.8752  11799741.5464  5873.5495   
  1.31    6.9999  594.8752  11799741.5503  5873.5495   
  1.32    6.9999  594.8752  11799741.5542  5873.5495   
  1.33    6.9999  594.8752  11799741.5580  5873.5495   
  1.34    6.9999  594.8752  11799741.5619  5873.5495   
  1.35    6.9999  594.8752  11799741.5657  5873.5495   
  1.36    6.9999  594.8752  11799741.5695  5873.5495   
  1.37    6.9999  594.8752  11799741.5733  5873.5495   
  1.38    6.9999  594.8752  11799741.5771  5873.5495   
  1.39    6.9999  594.8752  11799741.5809  5873.5495   
  1.40    6.9999  594.8752  11799741.5846  5873.5495   
  1.41    6.9999  594.8752  11799741.5884  5873.5495   
  1.42    6.9999  594.8752  11799741.5921  5873.5495   
  1.43    6.9999  594.8752  11799741.5958  5873.5495   
  1.44    6.9999  594.8752  11799741.5995  5873.5495   
  1.45    6.9999  594.8752  11799741.6032  5873.5494   
  1.46    6.9999  594.8752  11799741.6069  5873.5494   
  1.47    6.9999  594.8752  11799741.6106  5873.5494   
  1.48    6.9999  594.8752  11799741.6143  5873.5494   
  1.49    6.9999  594.8752  11799741.6179  5873.5494   
  1.50    6.9999  594.8752  11799741.6216  5873.5494   
  1.51    6.9999  594.8752  11799741.6252  5873.5494   
  1.52    6.9999  594.8752  11799741.6288  5873.5494   
  1.53    6.9999  594.8752  11799741.6324  5873.5494   
  1.54    6.9999  594.8752  11799741.6360  5873.5494   
  1.55    6.9999  594.8752  11799741.6396  5873.5494   
  1.56    6.9999  594.8752  11799741.6432  5873.5494   
  1.57    6.9999  594.8752  11799741.6468  5873.5494   
  1.58    6.9999  594.8752  11799741.6503  5873.5494   
  1.59    6.9999  594.8752  11799741.6539  5873.5494   
  1.60    6.9999  594.8752  11799741.6574  5873.5494   
  1.61    6.9999  594.8752  11799741.6609  5873.5494   
  1.62    6.9999  594.8752  11799741.6644  5873.5494   
  1.63    6.9999  594.8752  11799741.6679  5873.5494   
  1.64    6.9999  594.8752  11799741.6714  5873.5494   
  1.65    6.9999  594.8752  11799741.6749  5873.5494   
  1.66    6.9999  594.8752  11799741.6784  5873.5494   
  1.67    6.9999  594.8752  11799741.6818  5873.5494   
  1.68    6.9999  594.8752  11799741.6853  5873.5494   
  1.69    6.9999  594.8752  11799741.6887  5873.5494   
  1.70    6.9999  594.8752  11799741.6921  5873.5494   
  1.71    6.9999  594.8752  11799741.6955  5873.5494   
  1.72    6.9999  594.8752  11799741.6989  5873.5494   
  1.73    6.9999  594.8752  11799741.7023  5873.5494   
  1.74    6.9999  594.8752  11799741.7057  5873.5494   
  1.75    6.9999  594.8752  11799741.7091  5873.5494   
  1.76    6.9999  594.8752  11799741.7125  5873.5493   
  1.77    6.9999  594.8752  11799741.7158  5873.5493   
  1.78    6.9999  594.8752  11799741.7192  5873.5493   
  1.79    6.9999  594.8752  11799741.7225  5873.5493   
  1.80    6.9999  594.8752  11799741.7258  5873.5493   
  1.81    6.9999  594.8752  11799741.7292  5873.5493   
  1.82    6.9999  594.8752  11799741.7325  5873.5493   
  1.83    6.9999  594.8752  11799741.7358  5873.5493   
  1.84    6.9999  594.8752  11799741.7391  5873.5493   
  1.85    6.9999  594.8752  11799741.7423  5873.5493   
  1.86    6.9999  594.8752  11799741.7456  5873.5493   
  1.87    6.9999  594.8752  11799741.7489  5873.5493   
  1.88    6.9999  594.8752  11799741.7521  5873.5493   
  1.89    6.9999  594.8752  11799741.7554  5873.5493   
  1.90    6.9999  594.8752  11799741.7586  5873.5493   
  1.91    6.9999  594.8752  11799741.7618  5873.5493   
  1.92    6.9999  594.8752  11799741.7650  5873.5493   
  1.93    6.9999  594.8752  11799741.7682  5873.5492   
  1.94    6.9999  594.8752  11799741.7714  5873.5492   
  1.95    6.9999  594.8752  11799741.7746  5873.5492   
  1.96    6.9999  594.8752  11799741.7778  5873.5492   
  1.97    6.9999  594.8752  11799741.7810  5873.5492   
  1.98    6.9999  594.8752  11799741.7841  5873.5492   
  1.99    6.9999  594.8752  11799741.7873  5873.5492   
  2.00    6.9999  594.8752  11799741.7905  5873.5492   
  2.01    6.9999  594.8752  11799741.7936  5873.5492   
  2.02    6.9999  594.8752  11799741.7967  5873.5492   
  2.03    6.9999  594.8752  11799741.7998  5873.5492   
  2.04    6.9999  594.8752  11799741.8030  5873.5492   
  2.05    6.9999  594.8752  11799741.8061  5873.5492   
  2.06    6.9999  594.8752  11799741.8092  5873.5492   
  2.07    6.9999  594.8752  11799741.8122  5873.5492   
  2.08    6.9999  594.8752  11799741.8153  5873.5492   
  2.09    6.9999  594.8752  11799741.8184  5873.5492   
  2.10    6.9999  594.8752  11799741.8215  5873.5492   
  2.11    6.9999  594.8752  11799741.8245  5873.5492   
  2.12    6.9999  594.8752  11799741.8276  5873.5492   
  2.13    6.9999  594.8752  11799741.8306  5873.5492   
  2.14    6.9999  594.8752  11799741.8336  5873.5492   
  2.15    6.9999  594.8752  11799741.8367  5873.5492   
  2.16    6.9999  594.8752  11799741.8397  5873.5492   
  2.17    6.9999  594.8752  11799741.8427  5873.5492   
  2.18    6.9999  594.8752  11799741.8457  5873.5493   
  2.19    6.9999  594.8752  11799741.8487  5873.5493   
  2.20    6.9999  594.8752  11799741.8517  5873.5493   
  2.21    6.9999  594.8752  11799741.8547  5873.5494   
  2.22    6.9999  594.8752  11799741.8576  5873.5494   
  2.23    6.9999  594.8752  11799741.8606  5873.5495   
  2.24    6.9999  594.8752  11799741.8635  5873.5496   
  2.25    6.9999  594.8752  11799741.8665  5873.5497   
  2.26    6.9999  594.8752  11799741.8694  5873.5498   
  2.27    6.9999  594.8752  11799741.8724  5873.5499   
  2.28    6.9999  594.8752  11799741.8753  5873.5501   
  2.29    6.9999  594.8752  11799741.8782  5873.5502   
  2.30    6.9999  594.8752  11799741.8811  5873.5504   
  2.31    6.9999  594.8752  11799741.8840  5873.5507   
  2.32    6.9999  594.8752  11799741.8869  5873.5509   
  2.33    6.9999  594.8752  11799741.8898  5873.5513   
  2.34    6.9999  594.8752  11799741.8927  5873.5516   
  2.35    6.9999  594.8752  11799741.8956  5873.5520   
  2.36    6.9999  594.8752  11799741.8985  5873.5525   
  2.37    6.9999  594.8752  11799741.9013  5873.5530   
  2.38    6.9999  594.8752  11799741.9042  5873.5536   
  2.39    6.9999  594.8752  11799741.9070  5873.5543   
  2.40    6.9999  594.8752  11799741.9099  5873.5551   
  2.41    6.9999  594.8752  11799741.9127  5873.5560   
  2.42    6.9999  594.8752  11799741.9156  5873.5570   
  2.43    6.9999  594.8752  11799741.9184  5873.5581   
  2.44    6.9999  594.8752  11799741.9212  5873.5594   
  2.45    6.9999  594.8752  11799741.9240  5873.5608   
  2.46    6.9999  594.8752  11799741.9268  5873.5625   
  2.47    6.9999  594.8752  11799741.9296  5873.5643   
  2.48    6.9998  594.8752  11799741.9324  5873.5664   
  2.49    6.9998  594.8752  11799741.9352  5873.5687   
  2.50    6.9998  594.8752  11799741.9380  5873.5713   
  2.51    6.9998  594.8752  11799741.9408  5873.5743   
  2.52    6.9998  594.8752  11799741.9435  5873.5775   
  2.53    6.9998  594.8752  11799741.9463  5873.5812   
  2.54    6.9998  594.8752  11799741.9490  5873.5853   
  2.55    6.9998  594.8752  11799741.9518  5873.5899   
  2.56    6.9998  594.8752  11799741.9545  5873.5950   
  2.57    6.9998  594.8752  11799741.9573  5873.6006   
  2.58    6.9998  594.8752  11799741.9600  5873.6069   
  2.59    6.9998  594.8752  11799741.9627  5873.6139   
  2.60    6.9998  594.8752  11799741.9654  5873.6217   
  2.61    6.9998  594.8752  11799741.9682  5873.6302   
  2.62    6.9998  594.8752  11799741.9709  5873.6397   
  2.63    6.9998  594.8752  11799741.9736  5873.6502   
  2.64    6.9997  594.8752  11799741.9763  5873.6618   
  2.65    6.9997  594.8752  11799741.9790  5873.6746   
  2.66    6.9997  594.8752  11799741.9816  5873.6886   
  2.67    6.9997  594.8752  11799741.9843  5873.7040   
  2.68    6.9997  594.8752  11799741.9870  5873.7210   
  2.69    6.9996  594.8752  11799741.9897  5873.7396   
  2.70    6.9996  594.8752  11799741.9923  5873.7600   
  2.71    6.9996  594.8752  11799741.9950  5873.7824   
  2.72    6.9996  594.8752  11799741.9976  5873.8068   
  2.73    6.9995  594.8752  11799742.0003  5873.8335   
  2.74    6.9995  594.8752  11799742.0029  5873.8626   
  2.75    6.9995  594.8752  11799742.0055  5873.8943   
  2.76    6.9994  594.8752  11799742.0082  5873.9288   
  2.77    6.9994  594.8752  11799742.0108  5873.9663   
  2.78    6.9993  594.8752  11799742.0134  5874.0070   
  2.79    6.9993  594.8752  11799742.0160  5874.0512   
  2.80    6.9992  594.8752  11799742.0186  5874.0990   
  2.81    6.9992  594.8752  11799742.0212  5874.1508   
  2.82    6.9991  594.8752  11799742.0238  5874.2067   
  2.83    6.9990  594.8752  11799742.0264  5874.2671   
  2.84    6.9989  594.8752  11799742.0290  5874.3322   
  2.85    6.9989  594.8752  11799742.0316  5874.4023   
  2.86    6.9988  594.8752  11799742.0342  5874.4777   
  2.87    6.9987  594.8752  11799742.0368  5874.5586   
  2.88    6.9986  594.8752  11799742.0393  5874.6455   
  2.89    6.9985  594.8752  11799742.0419  5874.7387   
  2.90    6.9983  594.8752  11799742.0445  5874.8384   
  2.91    6.9982  594.8751  11799742.0470  5874.9449   
  2.92    6.9981  594.8751  11799742.0496  5875.0587   
  2.93    6.9979  594.8751  11799742.0521  5875.1801   
  2.94    6.9978  594.8751  11799742.0546  5875.3094   
  2.95    6.9976  594.8751  11799742.0572  5875.4470   
  2.96    6.9974  594.8751  11799742.0597  5875.5932   
  2.97    6.9973  594.8751  11799742.0622  5875.7483   
  2.98    6.9971  594.8751  11799742.0647  5875.9128   
  2.99    6.9968  594.8751  11799742.0673  5876.0869   
  3.00    6.9966  594.8751  11799742.0698  5876.2711   
  3.01    6.9964  594.8751  11799742.0723  5876.4655   
  3.02    6.9962  594.8751  11799742.0748  5876.6706   
  3.03    6.9959  594.8751  11799742.0773  5876.8867   
  3.04    6.9956  594.8751  11799742.0798  5877.1140   
  3.05    6.9953  594.8751  11799742.0823  5877.3529   
  3.06    6.9950  594.8751  11799742.0847  5877.6036   
  3.07    6.9947  594.8751  11799742.0872  5877.8663   
  3.08    6.9944  594.8751  11799742.0897  5878.1413   
  3.09    6.9941  594.8751  11799742.0922  5878.4287   
  3.10    6.9937  594.8751  11799742.0946  5878.7289   
  3.11    6.9933  594.8751  11799742.0971  5879.0417   
  3.12    6.9929  594.8751  11799742.0996  5879.3675   
  3.13    6.9925  594.8751  11799742.1020  5879.7063   
  3.14    6.9921  594.8751  11799742.1045  5880.0580   
  3.15    6.9917  594.8751  11799742.1069  5880.4228   
  3.16    6.9912  594.8751  11799742.1093  5880.8006   
  3.17    6.9908  594.8751  11799742.1118  5881.1912   
  3.18    6.9903  594.8751  11799742.1142  5881.5946   
  3.19    6.9898  594.8751  11799742.1166  5882.0105   
  3.20    6.9893  594.8751  11799742.1191  5882.4389   
  3.21    6.9888  594.8751  11799742.1215  5882.8793   
  3.22    6.9882  594.8751  11799742.1239  5883.3315   
  3.23    6.9877  594.8751  11799742.1263  5883.7951   
  3.24    6.9871  594.8751  11799742.1287  5884.2696   
  3.25    6.9865  594.8751  11799742.1311  5884.7546   
  3.26    6.9860  594.8751  11799742.1335  5885.2496   
  3.27    6.9854  594.8751  11799742.1359  5885.7539   
  3.28    6.9847  594.8751  11799742.1383  5886.2669   
  3.29    6.9841  594.8751  11799742.1407  5886.7879   
  3.30    6.9835  594.8751  11799742.1431  5887.3162   
  3.31    6.9829  594.8751  11799742.1455  5887.8508   
  3.32    6.9822  594.8751  11799742.1478  5888.3911   
  3.33    6.9816  594.8751  11799742.1502  5888.9360   
  3.34    6.9809  594.8751  11799742.1526  5889.4847   
  3.35    6.9803  594.8751  11799742.1549  5890.0360   
  3.36    6.9796  594.8751  11799742.1573  5890.5890   
  3.37    6.9790  594.8751  11799742.1597  5891.1426   
  3.38    6.9783  594.8751  11799742.1620  5891.6956   
  3.39    6.9777  594.8751  11799742.1644  5892.2469   
  3.40    6.9770  594.8751  11799742.1667  5892.7953   
  3.41    6.9764  594.8751  11799742.1690  5893.3397   
  3.42    6.9757  594.8751  11799742.1714  5893.8787   
  3.43    6.9751  594.8751  11799742.1737  5894.4111   
  3.44    6.9745  594.8751  11799742.1761  5894.9357   
  3.45    6.9739  594.8751  11799742.1784  5895.4512   
  3.46    6.9733  594.8751  11799742.1807  5895.9563   
  3.47    6.9727  594.8751  11799742.1830  5896.4498   
  3.48    6.9721  594.8751  11799742.1853  5896.9304   
  3.49    6.9716  594.8751  11799742.1877  5897.3968   
  3.50    6.9710  594.8751  11799742.1900  5897.8479   
  3.51    6.9705  594.8751  11799742.1923  5898.2824   
  3.52    6.9700  594.8751  11799742.1946  5898.6991   
  3.53    6.9696  594.8751  11799742.1969  5899.0970   
  3.54    6.9691  594.8751  11799742.1992  5899.4750   
  3.55    6.9687  594.8751  11799742.2015  5899.8319   
  3.56    6.9683  594.8751  11799742.2038  5900.1669   
  3.57    6.9679  594.8751  11799742.2061  5900.4789   
  3.58    6.9676  594.8751  11799742.2083  5900.7671   
  3.59    6.9673  594.8751  11799742.2106  5901.0306   
  3.60    6.9670  594.8751  11799742.2129  5901.2688   
  3.61    6.9667  594.8751  11799742.2152  5901.4810   
  3.62    6.9665  594.8751  11799742.2175  5901.6665   
  3.63    6.9663  594.8751  11799742.2197  5901.8249   
  3.64    6.9662  594.8751  11799742.2220  5901.9556   
  3.65    6.9661  594.8751  11799742.2243  5902.0585   
  3.66    6.9660  594.8751  11799742.2265  5902.1331   
  3.67    6.9659  594.8751  11799742.2288  5902.1793   
  3.68    6.9659  594.8751  11799742.2310  5902.1970   
  3.69    6.9659  594.8751  11799742.2333  5902.1863   
  3.70    6.9660  594.8751  11799742.2356  5902.1471   
  3.71    6.9660  594.8751  11799742.2378  5902.0797   
  3.72    6.9661  594.8751  11799742.2401  5901.9844   
  3.73    6.9663  594.8751  11799742.2423  5901.8613   
  3.74    6.9665  594.8751  11799742.2445  5901.7111   
  3.75    6.9667  594.8751  11799742.2468  5901.5342   
  3.76    6.9669  594.8751  11799742.2490  5901.3311   
  3.77    6.9672  594.8751  11799742.2513  5901.1026   
  3.78    6.9675  594.8751  11799742.2535  5900.8493   
  3.79    6.9678  594.8751  11799742.2557  5900.5721   
  3.80    6.9682  594.8751  11799742.2579  5900.2718   
  3.81    6.9685  594.8751  11799742.2602  5899.9493   
  3.82    6.9690  594.8751  11799742.2624  5899.6057   
  3.83    6.9694  594.8751  11799742.2646  5899.2418   
  3.84    6.9698  594.8751  11799742.2668  5898.8590   
  3.85    6.9703  594.8751  11799742.2690  5898.4581   
  3.86    6.9708  594.8751  11799742.2713  5898.0404   
  3.87    6.9713  594.8751  11799742.2735  5897.6070   
  3.88    6.9718  594.8751  11799742.2757  5897.1592   
  3.89    6.9724  594.8751  11799742.2779  5896.6982   
  3.90    6.9730  594.8751  11799742.2801  5896.2252   
  3.91    6.9735  594.8751  11799742.2823  5895.7414   
  3.92    6.9741  594.8751  11799742.2845  5895.2481   
  3.93    6.9747  594.8751  11799742.2867  5894.7465   
  3.94    6.9753  594.8751  11799742.2889  5894.2378   
  3.95    6.9759  594.8751  11799742.2911  5893.7234   
  3.96    6.9765  594.8751  11799742.2933  5893.2044   
  3.97    6.9771  594.8751  11799742.2955  5892.6819   
  3.98    6.9778  594.8751  11799742.2977  5892.1572   
  3.99    6.9784  594.8751  11799742.2999  5891.6313   
  4.01    6.9790  594.8751  11799742.3021  5891.1054   
  4.02    6.9796  594.8751  11799742.3042  5890.5806   
  4.03    6.9803  594.8751  11799742.3064  5890.0578   
  4.04    6.9809  594.8751  11799742.3086  5889.5380   
  4.05    6.9815  594.8751  11799742.3108  5889.0222   
  4.06    6.9821  594.8751  11799742.3130  5888.5113   
  4.07    6.9827  594.8751  11799742.3152  5888.0061   
  4.08    6.9833  594.8751  11799742.3173  5887.5074   
  4.09    6.9839  594.8751  11799742.3195  5887.0160   
  4.10    6.9844  594.8751  11799742.3217  5886.5325   
  4.11    6.9850  594.8751  11799742.3239  5886.0576   
  4.12    6.9855  594.8751  11799742.3260  5885.5919   
  4.13    6.9861  594.8751  11799742.3282  5885.1359   
  4.14    6.9866  594.8751  11799742.3304  5884.6900   
  4.15    6.9871  594.8751  11799742.3325  5884.2548   
  4.16    6.9876  594.8751  11799742.3347  5883.8305   
  4.17    6.9881  594.8751  11799742.3369  5883.4176   
  4.18    6.9886  594.8751  11799742.3390  5883.0163   
  4.19    6.9891  594.8751  11799742.3412  5882.6268   
  4.20    6.9895  594.8751  11799742.3433  5882.2493   
  4.21    6.9900  594.8751  11799742.3455  5881.8840   
  4.22    6.9904  594.8751  11799742.3476  5881.5309   
  4.23    6.9908  594.8751  11799742.3498  5881.1901   
  4.24    6.9912  594.8751  11799742.3520  5880.8616   
  4.25    6.9915  594.8751  11799742.3541  5880.5454   
  4.26    6.9919  594.8751  11799742.3563  5880.2415   
  4.27    6.9923  594.8751  11799742.3584  5879.9496   
  4.28    6.9926  594.8751  11799742.3606  5879.6698   
  4.29    6.9929  594.8751  11799742.3627  5879.4019   
  4.30    6.9932  594.8751  11799742.3649  5879.1456   
  4.31    6.9935  594.8751  11799742.3670  5878.9008   
  4.32    6.9938  594.8751  11799742.3691  5878.6673   
  4.33    6.9940  594.8751  11799742.3713  5878.4449   
  4.34    6.9943  594.8751  11799742.3734  5878.2332   
  4.35    6.9945  594.8751  11799742.3756  5878.0320   
  4.36    6.9948  594.8751  11799742.3777  5877.8410   
  4.37    6.9950  594.8751  11799742.3798  5877.6599   
  4.38    6.9952  594.8751  11799742.3820  5877.4884   
  4.39    6.9954  594.8751  11799742.3841  5877.3262   
  4.40    6.9956  594.8751  11799742.3863  5877.1730   
  4.41    6.9957  594.8751  11799742.3884  5877.0284   
  4.42    6.9959  594.8751  11799742.3905  5876.8922   
  4.43    6.9960  594.8751  11799742.3927  5876.7639   
  4.44    6.9962  594.8751  11799742.3948  5876.6433   
  4.45    6.9963  594.8751  11799742.3969  5876.5300   
  4.46    6.9964  594.8751  11799742.3990  5876.4238   
  4.47    6.9966  594.8751  11799742.4012  5876.3242   
  4.48    6.9967  594.8751  11799742.4033  5876.2310   
  4.49    6.9968  594.8751  11799742.4054  5876.1439   
  4.50    6.9969  594.8751  11799742.4076  5876.0625   
  4.51    6.9970  594.8751  11799742.4097  5875.9867   
  4.52    6.9971  594.8751  11799742.4118  5875.9159   
  4.53    6.9971  594.8751  11799742.4139  5875.8501   
  4.54    6.9972  594.8751  11799742.4161  5875.7890   
  4.55    6.9973  594.8751  11799742.4182  5875.7322   
  4.56    6.9973  594.8751  11799742.4203  5875.6795   
  4.57    6.9974  594.8751  11799742.4224  5875.6307   
  4.58    6.9974  594.8751  11799742.4245  5875.5855   
  4.59    6.9975  594.8751  11799742.4267  5875.5437   
  4.60    6.9975  594.8751  11799742.4288  5875.5051   
  4.61    6.9976  594.8751  11799742.4309  5875.4695   
  4.62    6.9976  594.8751  11799742.4330  5875.4367   
  4.63    6.9977  594.8751  11799742.4351  5875.4065   
  4.64    6.9977  594.8751  11799742.4373  5875.3787   
  4.65    6.9977  594.8751  11799742.4394  5875.3532   
  4.66    6.9977  594.8751  11799742.4415  5875.3297   
  4.67    6.9978  594.8751  11799742.4436  5875.3082   
  4.68    6.9978  594.8751  11799742.4457  5875.2886   
  4.69    6.9978  594.8751  11799742.4478  5875.2706   
  4.70    6.9978  594.8751  11799742.4500  5875.2541   
  4.71    6.9979  594.8751  11799742.4521  5875.2391   
  4.72    6.9979  594.8751  11799742.4542  5875.2254   
  4.73    6.9979  594.8751  11799742.4563  5875.2129   
  4.74    6.9979  594.8751  11799742.4584  5875.2015   
  4.75    6.9979  594.8751  11799742.4605  5875.1912   
  4.76    6.9979  594.8751  11799742.4626  5875.1817   
  4.77    6.9979  594.8751  11799742.4648  5875.1732   
  4.78    6.9979  594.8751  11799742.4669  5875.1654   
  4.79    6.9980  594.8751  11799742.4690  5875.1584   
  4.80    6.9980  594.8751  11799742.4711  5875.1521   
  4.81    6.9980  594.8751  11799742.4732  5875.1463   
  4.82    6.9980  594.8751  11799742.4753  5875.1411   
  4.83    6.9980  594.8751  11799742.4774  5875.1364   
  4.84    6.9980  594.8751  11799742.4795  5875.1321   
  4.85    6.9980  594.8751  11799742.4817  5875.1283   
  4.86    6.9980  594.8751  11799742.4838  5875.1248   
  4.87    6.9980  594.8751  11799742.4859  5875.1217   
  4.88    6.9980  594.8751  11799742.4880  5875.1189   
  4.89    6.9980  594.8751  11799742.4901  5875.1163   
  4.90    6.9980  594.8751  11799742.4922  5875.1141   
  4.91    6.9980  594.8751  11799742.4943  5875.1120   
  4.92    6.9980  594.8751  11799742.4964  5875.1102   
  4.93    6.9980  594.8751  11799742.4986  5875.1085   
  4.94    6.9980  594.8751  11799742.5007  5875.1070   
  4.95    6.9980  594.8751  11799742.5028  5875.1056   
  4.96    6.9980  594.8751  11799742.5049  5875.1044   
  4.97    6.9980  594.8751  11799742.5070  5875.1033   
  4.98    6.9980  594.8751  11799742.5091  5875.1024   
  4.99    6.9980  594.8751  11799742.5112  5875.1015   
  5.00    6.9980  594.8751  11799742.5133  5875.1007   
  5.01    6.9980  594.8751  11799742.5155  5875.1000   
  5.02    6.9980  594.8751  11799742.5176  5875.0993   
  5.03    6.9980  594.8751  11799742.5197  5875.0987   
  5.04    6.9980  594.8751  11799742.5218  5875.0982   
  5.05    6.9980  594.8751  11799742.5239  5875.0977   
  5.06    6.9980  594.8751  11799742.5260  5875.0973   
  5.07    6.9980  594.8751  11799742.5282  5875.0969   
  5.08    6.9980  594.8751  11799742.5303  5875.0965   
  5.09    6.9980  594.8751  11799742.5324  5875.0962   
  5.10    6.9980  594.8751  11799742.5345  5875.0959   
  5.11    6.9980  594.8751  11799742.5366  5875.0956   
  5.12    6.9980  594.8751  11799742.5388  5875.0953   
  5.13    6.9980  594.8751  11799742.5409  5875.0951   
  5.14    6.9980  594.8751  11799742.5430  5875.0949   
  5.15    6.9980  594.8751  11799742.5451  5875.0947   
  5.16    6.9980  594.8751  11799742.5473  5875.0945   
  5.17    6.9980  594.8751  11799742.5494  5875.0943   
  5.18    6.9980  594.8751  11799742.5515  5875.0941   
  5.19    6.9980  594.8751  11799742.5536  5875.0940   
  5.20    6.9980  594.8751  11799742.5558  5875.0938   
  5.21    6.9980  594.8751  11799742.5579  5875.0937   
  5.22    6.9980  594.8751  11799742.5600  5875.0936   
  5.23    6.9980  594.8751  11799742.5621  5875.0934   
  5.24    6.9980  594.8751  11799742.5643  5875.0933   
  5.25    6.9980  594.8751  11799742.5664  5875.0932   
  5.26    6.9980  594.8751  11799742.5685  5875.0931   
  5.27    6.9980  594.8751  11799742.5707  5875.0930   
  5.28    6.9980  594.8751  11799742.5728  5875.0929   
  5.29    6.9980  594.8751  11799742.5749  5875.0928   
  5.30    6.9980  594.8751  11799742.5771  5875.0927   
  5.31    6.9980  594.8751  11799742.5792  5875.0926   
  5.32    6.9980  594.8751  11799742.5814  5875.0925   
  5.33    6.9980  594.8751  11799742.5835  5875.0924   
  5.34    6.9980  594.8751  11799742.5857  5875.0923   
  5.35    6.9980  594.8751  11799742.5878  5875.0922   
  5.36    6.9980  594.8751  11799742.5900  5875.0921   
  5.37    6.9980  594.8751  11799742.5921  5875.0920   
  5.38    6.9980  594.8751  11799742.5943  5875.0920   
  5.39    6.9980  594.8751  11799742.5965  5875.0919   
  5.40    6.9980  594.8751  11799742.5986  5875.0918   
  5.41    6.9980  594.8751  11799742.6008  5875.0917   
  5.42    6.9980  594.8751  11799742.6030  5875.0917   
  5.43    6.9980  594.8751  11799742.6052  5875.0916   
  5.44    6.9980  594.8751  11799742.6074  5875.0915   
  5.45    6.9980  594.8751  11799742.6096  5875.0914   
  5.46    6.9980  594.8751  11799742.6118  5875.0914   
  5.47    6.9980  594.8751  11799742.6141  5875.0913   
  5.48    6.9980  594.8751  11799742.6163  5875.0912   
  5.49    6.9980  594.8751  11799742.6186  5875.0912   
  5.50    6.9980  594.8751  11799742.6209  5875.0911   
  5.51    6.9980  594.8751  11799742.6233  5875.0910   
  5.52    6.9980  594.8751  11799742.6256  5875.0910   
  5.53    6.9980  594.8751  11799742.6280  5875.0909   
  5.54    6.9980  594.8751  11799742.6305  5875.0909   
  5.55    6.9980  594.8751  11799742.6330  5875.0908   
  5.56    6.9980  594.8751  11799742.6355  5875.0907   
  5.57    6.9980  594.8751  11799742.6382  5875.0907   
  5.58    6.9980  594.8751  11799742.6409  5875.0906   
  5.59    6.9980  594.8751  11799742.6437  5875.0906   
  5.60    6.9980  594.8751  11799742.6465  5875.0905   
  5.61    6.9980  594.8751  11799742.6495  5875.0905   
  5.62    6.9980  594.8751  11799742.6527  5875.0904   
  5.63    6.9980  594.8751  11799742.6559  5875.0904   
  5.64    6.9980  594.8751  11799742.6594  5875.0903   
  5.65    6.9980  594.8751  11799742.6630  5875.0902   
  5.66    6.9980  594.8751  11799742.6668  5875.0902   
  5.67    6.9980  594.8751  11799742.6709  5875.0901   
  5.68    6.9980  594.8751  11799742.6752  5875.0901   
  5.69    6.9980  594.8751  11799742.6799  5875.0900   
  5.70    6.9980  594.8751  11799742.6848  5875.0900   
  5.71    6.9980  594.8751  11799742.6901  5875.0899   
  5.72    6.9980  594.8751  11799742.6958  5875.0899   
  5.73    6.9980  594.8751  11799742.7020  5875.0899   
  5.74    6.9980  594.8751  11799742.7086  5875.0898   
  5.75    6.9980  594.8751  11799742.7158  5875.0898   
  5.76    6.9980  594.8751  11799742.7235  5875.0897   
  5.77    6.9980  594.8751  11799742.7319  5875.0897   
  5.78    6.9980  594.8751  11799742.7410  5875.0896   
  5.79    6.9980  594.8751  11799742.7508  5875.0896   
  5.80    6.9980  594.8751  11799742.7614  5875.0895   
  5.81    6.9980  594.8751  11799742.7728  5875.0895   
  5.82    6.9980  594.8751  11799742.7852  5875.0895   
  5.83    6.9980  594.8751  11799742.7986  5875.0894   
  5.84    6.9980  594.8751  11799742.8130  5875.0894   
  5.85    6.9980  594.8751  11799742.8286  5875.0893   
  5.86    6.9980  594.8751  11799742.8453  5875.0893   
  5.87    6.9980  594.8751  11799742.8632  5875.0893   
  5.88    6.9980  594.8751  11799742.8824  5875.0892   
  5.89    6.9980  594.8751  11799742.9030  5875.0892   
  5.90    6.9980  594.8751  11799742.9250  5875.0892   
  5.91    6.9980  594.8751  11799742.9484  5875.0891   
  5.92    6.9980  594.8751  11799742.9733  5875.0891   
  5.93    6.9980  594.8751  11799742.9997  5875.0891   
  5.94    6.9980  594.8751  11799743.0276  5875.0890   
  5.95    6.9980  594.8751  11799743.0571  5875.0890   
  5.96    6.9980  594.8751  11799743.0882  5875.0890   
  5.97    6.9980  594.8751  11799743.1208  5875.0889   
  5.98    6.9980  594.8751  11799743.1549  5875.0889   
  5.99    6.9980  594.8751  11799743.1905  5875.0889   
  6.00    6.9980  594.8751  11799743.2277  5875.0888   
  6.01    6.9980  594.8751  11799743.2662  5875.0888   
  6.02    6.9980  594.8751  11799743.3060  5875.0888   
  6.03    6.9980  594.8751  11799743.3471  5875.0888   
  6.04    6.9980  594.8751  11799743.3894  5875.0887   
  6.05    6.9980  594.8751  11799743.4327  5875.0887   
  6.06    6.9980  594.8751  11799743.4769  5875.0887   
  6.07    6.9980  594.8751  11799743.5218  5875.0887   
  6.08    6.9980  594.8751  11799743.5674  5875.0886   
  6.09    6.9980  594.8751  11799743.6134  5875.0886   
  6.10    6.9980  594.8751  11799743.6596  5875.0886   
  6.11    6.9980  594.8751  11799743.7059  5875.0886   
  6.12    6.9980  594.8751  11799743.7520  5875.0885   
  6.13    6.9980  594.8750  11799743.7978  5875.0885   
  6.14    6.9980  594.8750  11799743.8430  5875.0885   
  6.15    6.9980  594.8750  11799743.8874  5875.0885   
  6.16    6.9980  594.8750  11799743.9308  5875.0884   
  6.17    6.9980  594.8750  11799743.9729  5875.0884   
  6.18    6.9980  594.8750  11799744.0136  5875.0884   
  6.19    6.9980  594.8750  11799744.0526  5875.0884   
  6.20    6.9980  594.8750  11799744.0897  5875.0883   
  6.21    6.9980  594.8750  11799744.1247  5875.0883   
  6.22    6.9980  594.8750  11799744.1574  5875.0883   
  6.23    6.9980  594.8750  11799744.1877  5875.0883   
  6.24    6.9980  594.8750  11799744.2153  5875.0883   
  6.25    6.9980  594.8750  11799744.2402  5875.0882   
  6.26    6.9980  594.8750  11799744.2622  5875.0882   
  6.27    6.9980  594.8750  11799744.2812  5875.0882   
  6.28    6.9980  594.8750  11799744.2972  5875.0882   
  6.29    6.9980  594.8750  11799744.3100  5875.0881   
  6.30    6.9980  594.8750  11799744.3197  5875.0881   
  6.31    6.9980  594.8750  11799744.3263  5875.0881   
  6.32    6.9980  594.8750  11799744.3297  5875.0881   
  6.33    6.9980  594.8750  11799744.3300  5875.0880   
  6.34    6.9980  594.8750  11799744.3273  5875.0880   
  6.35    6.9980  594.8750  11799744.3216  5875.0880   
  6.36    6.9980  594.8750  11799744.3131  5875.0880   
  6.37    6.9980  594.8750  11799744.3019  5875.0879   
  6.38    6.9980  594.8750  11799744.2881  5875.0879   
  6.39    6.9980  594.8750  11799744.2719  5875.0879   
  6.40    6.9980  594.8750  11799744.2535  5875.0879   
  6.41    6.9980  594.8750  11799744.2330  5875.0878   
  6.42    6.9980  594.8750  11799744.2107  5875.0878   
  6.43    6.9980  594.8750  11799744.1868  5875.0878   
  6.44    6.9980  594.8750  11799744.1615  5875.0878   
  6.45    6.9980  594.8750  11799744.1349  5875.0877   
  6.46    6.9980  594.8750  11799744.1074  5875.0877   
  6.47    6.9980  594.8750  11799744.0791  5875.0877   
  6.48    6.9980  594.8750  11799744.0502  5875.0877   
  6.49    6.9980  594.8750  11799744.0210  5875.0876   
  6.50    6.9980  594.8750  11799743.9916  5875.0876   
  6.51    6.9980  594.8750  11799743.9622  5875.0876   
  6.52    6.9980  594.8750  11799743.9330  5875.0876   
  6.53    6.9980  594.8750  11799743.9042  5875.0875   
  6.54    6.9980  594.8751  11799743.8759  5875.0875   
  6.55    6.9980  594.8751  11799743.8483  5875.0875   
  6.56    6.9980  594.8751  11799743.8214  5875.0875   
  6.57    6.9980  594.8751  11799743.7954  5875.0874   
  6.58    6.9980  594.8751  11799743.7704  5875.0874   
  6.59    6.9980  594.8751  11799743.7464  5875.0874   
  6.60    6.9980  594.8751  11799743.7236  5875.0874   
  6.61    6.9980  594.8751  11799743.7019  5875.0873   
  6.62    6.9980  594.8751  11799743.6814  5875.0873   
  6.63    6.9980  594.8751  11799743.6622  5875.0873   
  6.64    6.9980  594.8751  11799743.6441  5875.0873   
  6.65    6.9980  594.8751  11799743.6274  5875.0873   
  6.66    6.9980  594.8751  11799743.6118  5875.0872   
  6.67    6.9980  594.8751  11799743.5974  5875.0872   
  6.68    6.9980  594.8751  11799743.5843  5875.0872   
  6.69    6.9980  594.8751  11799743.5722  5875.0872   
  6.70    6.9980  594.8751  11799743.5613  5875.0872   
  6.71    6.9980  594.8751  11799743.5515  5875.0871   
  6.72    6.9980  594.8751  11799743.5426  5875.0871   
  6.73    6.9980  594.8751  11799743.5348  5875.0871   
  6.74    6.9980  594.8751  11799743.5278  5875.0871   
  6.75    6.9980  594.8751  11799743.5217  5875.0871   
  6.76    6.9980  594.8751  11799743.5164  5875.0870   
  6.77    6.9980  594.8751  11799743.5118  5875.0870   
  6.78    6.9980  594.8751  11799743.5079  5875.0870   
  6.79    6.9980  594.8751  11799743.5047  5875.0870   
  6.80    6.9980  594.8751  11799743.5020  5875.0870   
  6.81    6.9980  594.8751  11799743.4999  5875.0870   
  6.82    6.9980  594.8751  11799743.4982  5875.0869   
  6.83    6.9980  594.8751  11799743.4970  5875.0869   
  6.84    6.9980  594.8751  11799743.4963  5875.0869   
  6.85    6.9980  594.8751  11799743.4958  5875.0869   
  6.86    6.9980  594.8751  11799743.4957  5875.0869   
  6.87    6.9980  594.8751  11799743.4959  5875.0869   
  6.88    6.9980  594.8751  11799743.4964  5875.0868   
  6.89    6.9980  594.8751  11799743.4970  5875.0868   
  6.90    6.9980  594.8751  11799743.4979  5875.0868   
  6.91    6.9980  594.8751  11799743.4990  5875.0868   
  6.92    6.9980  594.8751  11799743.5002  5875.0868   
  6.93    6.9980  594.8751  11799743.5016  5875.0868   
  6.94    6.9980  594.8751  11799743.5030  5875.0868   
  6.95    6.9980  594.8751  11799743.5046  5875.0867   
  6.96    6.9980  594.8751  11799743.5063  5875.0867   
  6.97    6.9980  594.8751  11799743.5081  5875.0867   
  6.98    6.9980  594.8751  11799743.5099  5875.0867   
  6.99    6.9980  594.8751  11799743.5118  5875.0867   
  7.00    6.9980  594.8751  11799743.5138  5875.0867   
  7.01    6.9980  594.8751  11799743.5158  5875.0867   
  7.02    6.9980  594.8751  11799743.5178  5875.0866   
  7.03    6.9980  594.8751  11799743.5199  5875.0866   
  7.04    6.9980  594.8751  11799743.5220  5875.0866   
  7.05    6.9980  594.8751  11799743.5242  5875.0866   
  7.06    6.9980  594.8751  11799743.5263  5875.0866   
  7.07    6.9980  594.8751  11799743.5285  5875.0866   
  7.08    6.9980  594.8751  11799743.5308  5875.0866   
  7.09    6.9980  594.8751  11799743.5330  5875.0866   
  7.10    6.9980  594.8751  11799743.5352  5875.0865   
  7.11    6.9980  594.8751  11799743.5375  5875.0865   
  7.12    6.9980  594.8751  11799743.5398  5875.0865   
  7.13    6.9980  594.8751  11799743.5421  5875.0865   
  7.14    6.9980  594.8751  11799743.5444  5875.0865   
  7.15    6.9980  594.8751  11799743.5467  5875.0865   
  7.16    6.9980  594.8751  11799743.5491  5875.0865   
  7.17    6.9980  594.8751  11799743.5514  5875.0865   
  7.18    6.9980  594.8751  11799743.5538  5875.0864   
  7.19    6.9980  594.8751  11799743.5562  5875.0864   
  7.20    6.9980  594.8751  11799743.5586  5875.0864   
  7.21    6.9980  594.8751  11799743.5610  5875.0864   
  7.22    6.9980  594.8751  11799743.5634  5875.0864   
  7.23    6.9980  594.8751  11799743.5658  5875.0864   
  7.24    6.9980  594.8751  11799743.5683  5875.0864   
  7.25    6.9980  594.8751  11799743.5707  5875.0864   
  7.26    6.9980  594.8751  11799743.5732  5875.0863   
  7.27    6.9980  594.8751  11799743.5756  5875.0863   
  7.28    6.9980  594.8751  11799743.5781  5875.0863   
  7.29    6.9980  594.8751  11799743.5806  5875.0863   
  7.30    6.9980  594.8751  11799743.5831  5875.0863   
  7.31    6.9980  594.8751  11799743.5857  5875.0863   
  7.32    6.9980  594.8751  11799743.5882  5875.0863   
  7.33    6.9980  594.8751  11799743.5907  5875.0863   
  7.34    6.9980  594.8751  11799743.5933  5875.0863   
  7.35    6.9980  594.8751  11799743.5959  5875.0862   
  7.36    6.9980  594.8751  11799743.5985  5875.0862   
  7.37    6.9980  594.8751  11799743.6011  5875.0862   
  7.38    6.9980  594.8751  11799743.6037  5875.0862   
  7.39    6.9980  594.8751  11799743.6063  5875.0862   
  7.40    6.9980  594.8751  11799743.6089  5875.0862   
  7.41    6.9980  594.8751  11799743.6116  5875.0862   
  7.42    6.9980  594.8751  11799743.6143  5875.0862   
  7.43    6.9980  594.8751  11799743.6169  5875.0862   
  7.44    6.9980  594.8751  11799743.6196  5875.0862   
  7.45    6.9980  594.8751  11799743.6223  5875.0861   
  7.46    6.9980  594.8751  11799743.6250  5875.0861   
  7.47    6.9980  594.8751  11799743.6278  5875.0861   
  7.48    6.9980  594.8751  11799743.6305  5875.0861   
  7.49    6.9980  594.8751  11799743.6333  5875.0861   
  7.50    6.9980  594.8751  11799743.6361  5875.0861   
  7.51    6.9980  594.8751  11799743.6389  5875.0861   
  7.52    6.9980  594.8751  11799743.6417  5875.0861   
  7.53    6.9980  594.8751  11799743.6445  5875.0861   
  7.54    6.9980  594.8751  11799743.6473  5875.0861   
  7.55    6.9980  594.8751  11799743.6502  5875.0860   
  7.56    6.9980  594.8751  11799743.6530  5875.0860   
  7.57    6.9980  594.8751  11799743.6559  5875.0860   
  7.58    6.9980  594.8751  11799743.6588  5875.0860   
  7.59    6.9980  594.8751  11799743.6617  5875.0860   
  7.60    6.9980  594.8751  11799743.6646  5875.0860   
  7.61    6.9980  594.8751  11799743.6676  5875.0860   
  7.62    6.9980  594.8751  11799743.6705  5875.0860   
  7.63    6.9980  594.8751  11799743.6735  5875.0860   
  7.64    6.9980  594.8751  11799743.6765  5875.0860   
  7.65    6.9980  594.8751  11799743.6795  5875.0860   
  7.66    6.9980  594.8751  11799743.6825  5875.0859   
  7.67    6.9980  594.8751  11799743.6855  5875.0859   
  7.68    6.9980  594.8751  11799743.6886  5875.0859   
  7.69    6.9980  594.8751  11799743.6917  5875.0859   
  7.70    6.9980  594.8751  11799743.6948  5875.0859   
  7.71    6.9980  594.8751  11799743.6979  5875.0859   
  7.72    6.9980  594.8751  11799743.7010  5875.0859   
  7.73    6.9980  594.8751  11799743.7041  5875.0859   
  7.74    6.9980  594.8751  11799743.7073  5875.0859   
  7.75    6.9980  594.8751  11799743.7105  5875.0859   
  7.76    6.9980  594.8751  11799743.7136  5875.0859   
  7.77    6.9980  594.8751  11799743.7169  5875.0859   
  7.78    6.9980  594.8751  11799743.7201  5875.0858   
  7.79    6.9980  594.8751  11799743.7233  5875.0858   
  7.80    6.9980  594.8751  11799743.7266  5875.0858   
  7.81    6.9980  594.8751  11799743.7299  5875.0858   
  7.82    6.9980  594.8751  11799743.7332  5875.0858   
  7.83    6.9980  594.8751  11799743.7365  5875.0858   
  7.84    6.9980  594.8751  11799743.7398  5875.0858   
  7.85    6.9980  594.8751  11799743.7432  5875.0858   
  7.86    6.9980  594.8751  11799743.7466  5875.0858   
  7.87    6.9980  594.8751  11799743.7500  5875.0858   
  7.88    6.9980  594.8751  11799743.7534  5875.0858   
  7.89    6.9980  594.8751  11799743.7568  5875.0858   
  7.90    6.9980  594.8751  11799743.7603  5875.0858   
  7.91    6.9980  594.8751  11799743.7638  5875.0857   
  7.92    6.9980  594.8751  11799743.7673  5875.0857   
  7.93    6.9980  594.8751  11799743.7708  5875.0857   
  7.94    6.9980  594.8751  11799743.7747  5875.0857   
  7.95    6.9980  594.8751  11799743.7725  5875.0856   
  7.96    6.9980  594.8751  11799743.8643  5875.0856   
  7.97    6.9980  594.8750  11799742.5125  5875.0852   
  7.98    6.9980  594.8769  11799763.3523  5875.0879   
  7.99    6.9979  594.8472  11799443.0219  5875.0417   
  8.00    7.0000  595.3046  11804362.5000  5875.7404   
