      100  0.1278E+02   201     2
      200  0.1154E+02   200     3
      300  0.1037E+02   119     3
      400  0.1033E+02   201     4
      500  0.1015E+02   128     4
      600  0.9579E+01   192     5
      700  0.8829E+01   137     5
      800  0.9462E+01   173     6
      900  0.9586E+01   201     7
     1000  0.8961E+01   177     7
     1100  0.8566E+01   198     8
     1200  0.8893E+01   163     8
     1300  0.8913E+01   200     9
     1400  0.8358E+01   175     9
     1500  0.8189E+01   191    10
     1600  0.8386E+01   165    10
     1700  0.8159E+01   192    11
     1800  0.7602E+01   175    11
     1900  0.7702E+01   186    12
     2000  0.7764E+01   177    12
     2100  0.7316E+01   188    13
     2200  0.6894E+01   199    14
     2300  0.7023E+01   188    14
     2400  0.6841E+01   200    15
     2500  0.6403E+01   191    15
     2600  0.6219E+01   197    16
     2700  0.5936E+01   189    16
     2800  0.5588E+01   199    17
     2900  0.5428E+01   173    16
     3000  0.5342E+01   193    18
     3100  0.5278E+01   184    18
     3200  0.4889E+01   199    19
     3300  0.4441E+01   194    19
     3400  0.4606E+01   185    19
     3500  0.4584E+01   193    20
     3600  0.4497E+01   201    21
     3700  0.4091E+01   199    21
     3800  0.3858E+01   193    21
     3900  0.3979E+01   181    20
     4000  0.3805E+01   195    22
     4100  0.3917E+01   154    16
     4200  0.3674E+01   177    20
     4300  0.3492E+01   196    23
     4400  0.3477E+01   201    24
     4500  0.3392E+01   190    23
     4600  0.3353E+01   171    20
     4700  0.3400E+01   186    23
     4800  0.3311E+01   180    22
     4900  0.3158E+01   196    25
     5000  0.2997E+01   197    25
     5100  0.2872E+01   176    22
     5200  0.2940E+01   170    21
     5300  0.3001E+01   196    26
     5400  0.2924E+01   198    26
     5500  0.2774E+01   148    16
     5600  0.2574E+01   194    26
     5700  0.2704E+01   183    24
     5800  0.2600E+01   177    23
     5900  0.2505E+01   201    28
     6000  0.2492E+01   196    27
     6100  0.2433E+01   189    26
     6200  0.2449E+01   187    26
     6300  0.2389E+01   186    26
     6400  0.2380E+01   182    25
     6500  0.2255E+01   191    27
     6600  0.2230E+01   176    24
     6700  0.2110E+01   201    30
     6800  0.2089E+01   197    29
     6900  0.2325E+01   166    22
     7000  0.2312E+01   185    27
     7100  0.1984E+01   187    27
     7200  0.1847E+01   187    27
     7300  0.1991E+01   173    24
     7400  0.2019E+01   197    30
     7500  0.1979E+01   196    30
     7600  0.1933E+01   196    30
     7700  0.1868E+01   192    31
     7800  0.1803E+01   187    28
     7900  0.1839E+01   200    32
     8000  0.1862E+01   201    32
     8100  0.2038E+01   154    19
     8200  0.1843E+01   197    33
     8300  0.1801E+01   184    28
     8400  0.1574E+01   195    31
     8500  0.1844E+01   173    25
     8600  0.1661E+01   201    33
     8700  0.1759E+01   169    24
     8800  0.1583E+01   197    32
     8900  0.1737E+01   175    26
     9000  0.1491E+01   192    31
     9100  0.1539E+01   181    28
     9200  0.1448E+01   201    34
     9300  0.1538E+01   195    32
     9400  0.1420E+01   187    30
     9500  0.1370E+01   201    34
     9600  0.1473E+01   193    32
     9700  0.1443E+01   199    34
     9800  0.1342E+01   187    32
     9900  0.1215E+01   196    33
    10000  0.1585E+01   198    34
    10100  0.1494E+01   176    27
    10200  0.1147E+01   194    33
    10300  0.1180E+01   192    32
    10400  0.1156E+01   200    35
    10500  0.1137E+01   193    33
    10600  0.1346E+01   184    30
    10700  0.1653E+01   172    26
    10800  0.1076E+01   200    35
    10900  0.1052E+01   172    28
    11000  0.1124E+01   170    25
    11100  0.1400E+01   186    31
    11200  0.1150E+01   184    30
    11300  0.1040E+01   167    24
    11400  0.1110E+01   201    36
    11500  0.1259E+01   191    33
    11600  0.1077E+01   188    32
    11700  0.1177E+01   185    31
    11800  0.1102E+01   182    30
    11900  0.9434E+00   200    36
    12000  0.1049E+01   180    29
    12100  0.9782E+00   191    33
    12200  0.8464E+00   201    37
    12300  0.9333E+00   199    38
    12400  0.1235E+01   176    28
    12500  0.8608E+00   185    31
    12600  0.9029E+00   193    34
    12700  0.7857E+00   200    37
    12800  0.1171E+01   197    36
    12900  0.1108E+01   186    32
    13000  0.8897E+00   176    29
    13100  0.7374E+00   195    35
    13200  0.8569E+00   186    34
    13300  0.7693E+00   192    34
    13400  0.7012E+00   199    37
    13500  0.1172E+01   152    19
    13600  0.8574E+00   170    26
    13700  0.7456E+00   191    34
    13800  0.1048E+01   193    35
    13900  0.6659E+00   201    38
    14000  0.6116E+00   193    35
    14100  0.6374E+00   199    37
    14200  0.6803E+00   186    32
    14300  0.6421E+00   200    38
    14400  0.6366E+00   200    38
    14500  0.6019E+00   198    37
    14600  0.1124E+01   197    37
    14700  0.5636E+00   195    36
    14800  0.9214E+00   167    26
    14900  0.6417E+00   178    30
    15000  0.5404E+00   201    39
    15100  0.6054E+00   200    38
    15200  0.8313E+00   189    34
    15300  0.6899E+00   158    22
    15400  0.5492E+00   195    38
    15500  0.5118E+00   201    39
    15600  0.5753E+00   185    32
    15700  0.6042E+00   187    34
    15800  0.7923E+00   200    39
    15900  0.5371E+00   201    39
    16000  0.6391E+00   192    35
    16100  0.4815E+00   199    38
    16200  0.4431E+00   198    38
    16300  0.9311E+00   193    36
    16400  0.5308E+00   187    33
    16500  0.4764E+00   194    38
    16600  0.6262E+00   191    36
    16700  0.4034E+00   201    40
    16800  0.4009E+00   195    37
    16900  0.4045E+00   197    38
    17000  0.5152E+00   182    32
    17100  0.4525E+00   196    37
    17200  0.3890E+00   200    39
    17300  0.6454E+00   197    38
    17400  0.3893E+00   201    39
    17500  0.3497E+00   198    38
    17600  0.3509E+00   197    38
    17700  0.4722E+00   201    40
    17800  0.3959E+00   191    35
    17900  0.6493E+00   200    39
    18000  0.4444E+00   184    33
    18100  0.3084E+00   198    39
    18200  0.5947E+00   176    30
    18300  0.3280E+00   201    40
    18400  0.5895E+00   192    36
    18500  0.3245E+00   196    37
    18600  0.3258E+00   197    38
    18700  0.2879E+00   200    39
    18800  0.2758E+00   201    40
    18900  0.2754E+00   201    40
    19000  0.5026E+00   195    37
    19100  0.7031E+00   194    39
    19200  0.2714E+00   200    39
    19300  0.2391E+00   201    40
    19400  0.2464E+00   198    39
    19500  0.2476E+00   200    40
    19600  0.3537E+00   199    39
    19700  0.2945E+00   201    39
    19800  0.2236E+00   196    38
    19900  0.2251E+00   196    38
    20000  0.2239E+00   200    40
    20100  0.3902E+00   188    35
    20200  0.2192E+00   200    40
    20300  0.2045E+00   200    40
    20400  0.2023E+00   200    40
    20500  0.2011E+00   200    40
    20600  0.1990E+00   200    40
    20700  0.3424E+00   179    31
    20800  0.2077E+00   200    40
    20900  0.1905E+00   200    40
    21000  0.1859E+00   200    40
    21100  0.3839E+00   192    37
    21200  0.2599E+00   190    36
    21300  0.1747E+00   200    40
    21400  0.1646E+00   201    41
    21500  0.1651E+00   198    39
    21600  0.1657E+00   198    39
    21700  0.1643E+00   200    40
    21800  0.1612E+00   200    40
    21900  0.1569E+00   200    40
    22000  0.1526E+00   200    40
    22100  0.1484E+00   200    40
    22200  0.1444E+00   200    40
    22300  0.1404E+00   200    40
    22400  0.1369E+00   200    40
    22500  0.8102E+00   195    38
    22600  0.2353E+00   196    39
    22700  0.1230E+00   196    38
    22800  0.1206E+00   195    38
    22900  0.7155E+00   193    37
    23000  0.1894E+00   194    38
    23100  0.1120E+00   194    37
    23200  0.1094E+00   198    39
    23300  0.1129E+00   199    40
    23400  0.2370E+00   200    40
    23500  0.1578E+00   201    41
    23600  0.1068E+00   200    40
    23700  0.1037E+00   200    40
    23800  0.1008E+00   201    41
    23900  0.9795E-01   201    41
    24000  0.9531E-01   201    41
    24100  0.9285E-01   201    41
    24200  0.6903E+00   197    39
    24300  0.1558E+00   198    40
    24400  0.8583E-01   198    39
    24500  0.8296E-01   198    39
    24600  0.8200E-01   199    40
    24700  0.8020E-01   199    40
    24800  0.7813E-01   201    41
    24900  0.7607E-01   201    41
    25000  0.7404E-01   201    41
    25100  0.7201E-01   201    41
    25200  0.7000E-01   201    41
    25300  0.6796E-01   201    41
    25400  0.6596E-01   201    41
    25500  0.6403E-01   201    41
    25600  0.6216E-01   201    41
    25700  0.6034E-01   201    41
    25800  0.8974E+00   201    41
    25900  0.7449E-01   201    41
    26000  0.5923E-01   201    41
    26100  0.5549E-01   201    41
    26200  0.7610E-01   201    42
    26300  0.4934E-01   199    40
    26400  0.4835E-01   201    41
    26500  0.4711E-01   201    41
    26600  0.4580E-01   201    41
    26700  0.4448E-01   201    41
    26800  0.4317E-01   201    41
    26900  0.4187E-01   201    41
    27000  0.4059E-01   201    41
    27100  0.3933E-01   201    41
    27200  0.3810E-01   201    41
    27300  0.3689E-01   201    41
    27400  0.3571E-01   201    41
    27500  0.3455E-01   201    41
    27600  0.3342E-01   201    41
    27700  0.3231E-01   201    41
    27800  0.3122E-01   201    41
    27900  0.3016E-01   201    41
    28000  0.2912E-01   201    41
    28100  0.2811E-01   201    41
    28200  0.2713E-01   201    41
    28300  0.2616E-01   201    41
    28400  0.2521E-01   201    41
    28500  0.2428E-01   201    41
    28600  0.2337E-01   201    41
    28700  0.2248E-01   201    41
    28800  0.2162E-01   201    41
    28900  0.2078E-01   201    41
    29000  0.1997E-01   201    41
    29100  0.1917E-01   201    41
    29200  0.1840E-01   201    41
    29300  0.1764E-01   201    41
    29400  0.1691E-01   201    41
    29500  0.1620E-01   201    41
    29600  0.1550E-01   201    41
    29700  0.1483E-01   201    41
    29800  0.1418E-01   201    41
    29900  0.1354E-01   201    41
    30000  0.1293E-01   201    41
