      100  0.9031E+01   113     2
      200  0.7293E+01   199     5
      300  0.6213E+01   161     7
      400  0.5962E+01   182    10
      500  0.4822E+01   201    13
      600  0.3798E+01   176    14
      700  0.3242E+01   183    16
      800  0.2850E+01   173    16
      900  0.2361E+01   197    20
     1000  0.2060E+01   182    19
     1100  0.2503E+01   201    12
     1200  0.1660E+01   193    23
     1300  0.1359E+01   194    24
     1400  0.1194E+01   200    26
     1500  0.9376E+00   201    29
     1600  0.9007E+00   167    19
     1700  0.9801E+00   198    28
     1800  0.5833E+00   201    29
     1900  0.6071E+00   196    24
     2000  0.8019E+00   191    27
     2100  0.4301E+00   192    26
     2200  0.5261E+00   199    32
     2300  0.2141E+00   201    31
     2400  0.1760E+00   201    31
     2500  0.1525E+00   198    30
     2600  0.7232E+00   177    23
     2700  0.9360E-01   201    31
     2800  0.7257E-01   200    31
     2900  0.5581E-01   200    31
     3000  0.4140E-01   200    31
     3100  0.2965E-01   200    31
     3200  0.2126E-01   200    31
     3300  0.1392E-01   201    31
     3400  0.8491E-02   201    31
     3500  0.4768E-02   201    31
     3600  0.2390E-02   201    31
     3700  0.1039E-02   201    31
     3800  0.3746E-03   201    30
     3900  0.1026E-03   201    29
     4000  0.2015E-04   201    29
     4100  0.9930E-05   200    31
     4200  0.7392E-05   201    31
     4300  0.4319E-05   201    29
     4400  0.6471E-05   201    29
     4500  0.4524E-05   201    35
     4600  0.5459E-05   196    33
     4700  0.5819E-05   201    32
     4800  0.9160E-05   201    31
     4900  0.5999E-05   199    39
     5000  0.5629E-05   201    32
     5100  0.5776E-05   200    34
     5200  0.4745E-05   200    37
     5300  0.6195E-05   201    36
     5400  0.6441E-05   200    31
     5500  0.9757E-05   201    31
     5600  0.5058E-05   199    29
     5700  0.5864E-05   191    31
     5800  0.5961E-05   201    32
     5900  0.7163E-05   201    29
     6000  0.7668E-05   201    31
     6100  0.5920E-05   201    31
     6200  0.7592E-05   201    33
     6300  0.6403E-05   201    33
     6400  0.6487E-05   201    32
     6500  0.7527E-05   201    32
     6600  0.6661E-05   199    31
     6700  0.6266E-05   195    31
     6800  0.5234E-05   201    33
     6900  0.6582E-05   201    31
     7000  0.4175E-05   200    28
     7100  0.6711E-05   200    30
     7200  0.6322E-05   201    32
     7300  0.6035E-05   200    41
     7400  0.7253E-05   196    28
     7500  0.6934E-05   198    30
     7600  0.7489E-05   201    35
     7700  0.5315E-05   201    42
     7800  0.5887E-05   201    33
     7900  0.4708E-05   200    35
     8000  0.6749E-05   201    34
     8100  0.8618E-05   201    34
     8200  0.6819E-05   201    31
     8300  0.7511E-05   201    30
     8400  0.8470E-05   199    31
     8500  0.5204E-05   200    32
     8600  0.7453E-05   201    32
     8700  0.6899E-05   201    37
     8800  0.5920E-05   201    35
     8900  0.5165E-05   197    26
     9000  0.6060E-05   201    31
     9100  0.1041E-04   201    30
     9200  0.5817E-05   201    30
     9300  0.4526E-05   200    47
     9400  0.5898E-05   201    32
     9500  0.5988E-05   197    30
     9600  0.6427E-05   201    34
     9700  0.6623E-05   201    31
     9800  0.6165E-05   201    39
     9900  0.7043E-05   201    26
    10000  0.6283E-05   201    31
    10100  0.4142E-05   199    50
    10200  0.4734E-05   200    30
    10300  0.8031E-05   201    30
    10400  0.6530E-05   199    30
    10500  0.4391E-05   201    32
    10600  0.8228E-05   201    32
    10700  0.5413E-05   201    30
    10800  0.7496E-05   201    34
    10900  0.6094E-05   201    33
    11000  0.7230E-05   200    27
    11100  0.6102E-05   198    30
    11200  0.5031E-05   201    32
    11300  0.3709E-05   201    30
    11400  0.6709E-05   201    30
    11500  0.4593E-05   201    36
    11600  0.7666E-05   201    34
    11700  0.5561E-05   200    31
    11800  0.4125E-05   201    37
    11900  0.3973E-05   200    43
    12000  0.6026E-05   201    35
    12100  0.5128E-05   201    37
    12200  0.5207E-05   201    31
    12300  0.5580E-05   200    31
    12400  0.5844E-05   201    31
    12500  0.4670E-05   201    31
    12600  0.4859E-05   198    30
    12700  0.9064E-05   201    31
    12800  0.5628E-05   201    31
    12900  0.9869E-05   201    30
    13000  0.4636E-05   201    37
    13100  0.4473E-05   198    30
    13200  0.5336E-05   190    28
    13300  0.4167E-05   195    29
    13400  0.5415E-05   200    46
    13500  0.5891E-05   200    32
    13600  0.6926E-05   195    29
    13700  0.7443E-05   201    32
    13800  0.5767E-05   200    34
    13900  0.5056E-05   196    29
    14000  0.7873E-05   201    31
    14100  0.8052E-05   201    32
    14200  0.4907E-05   201    26
    14300  0.7625E-05   201    31
    14400  0.4663E-05   201    37
    14500  0.6110E-05   199    39
    14600  0.5448E-05   201    34
    14700  0.3851E-05   195    37
    14800  0.7772E-05   201    30
    14900  0.7362E-05   200    32
    15000  0.4523E-05   201    29
    15100  0.5739E-05   195    33
    15200  0.5049E-05   195    26
    15300  0.5858E-05   199    31
    15400  0.4495E-05   201    34
    15500  0.6363E-05   201    30
    15600  0.7044E-05   200    30
    15700  0.6161E-05   200    30
    15800  0.7531E-05   201    36
    15900  0.6309E-05   201    30
    16000  0.6990E-05   199    37
    16100  0.5335E-05   201    31
    16200  0.6740E-05   200    36
    16300  0.6541E-05   201    29
    16400  0.6208E-05   201    32
    16500  0.8000E-05   201    35
    16600  0.4989E-05   201    38
    16700  0.7196E-05   201    31
    16800  0.5891E-05   197    29
    16900  0.9232E-05   199    29
    17000  0.4547E-05   200    32
    17100  0.7871E-05   201    32
    17200  0.4907E-05   200    41
    17300  0.7133E-05   201    36
    17400  0.9112E-05   201    40
    17500  0.7181E-05   201    34
    17600  0.6025E-05   201    39
    17700  0.5720E-05   201    35
    17800  0.5962E-05   201    33
    17900  0.5582E-05   201    39
    18000  0.4288E-05   201    37
    18100  0.4946E-05   201    30
    18200  0.8832E-05   201    35
    18300  0.7123E-05   201    31
    18400  0.8514E-05   199    30
    18500  0.6616E-05   201    35
    18600  0.4536E-05   200    38
    18700  0.5537E-05   201    31
    18800  0.6758E-05   201    32
    18900  0.5458E-05   201    30
    19000  0.6180E-05   201    33
    19100  0.5865E-05   201    29
    19200  0.5490E-05   201    31
    19300  0.6448E-05   201    33
    19400  0.5705E-05   200    38
    19500  0.5891E-05   200    31
    19600  0.5245E-05   195    30
    19700  0.4124E-05   201    30
    19800  0.4966E-05   199    40
    19900  0.4935E-05   201    39
    20000  0.5544E-05   201    37
    20100  0.5620E-05   201    28
    20200  0.6935E-05   201    38
    20300  0.4632E-05   200    37
    20400  0.4870E-05   194    28
    20500  0.7326E-05   196    29
    20600  0.4881E-05   201    33
    20700  0.6557E-05   201    31
    20800  0.4565E-05   201    34
    20900  0.5753E-05   200    29
    21000  0.6686E-05   201    31
    21100  0.5567E-05   201    32
    21200  0.6190E-05   201    30
    21300  0.5530E-05   201    37
    21400  0.6611E-05   201    25
    21500  0.7093E-05   201    31
    21600  0.5833E-05   201    30
    21700  0.6392E-05   201    29
    21800  0.7962E-05   199    30
    21900  0.6904E-05   201    36
    22000  0.7600E-05   201    32
    22100  0.6585E-05   201    35
    22200  0.7652E-05   201    31
    22300  0.5647E-05   201    33
    22400  0.6616E-05   201    31
    22500  0.5789E-05   201    43
    22600  0.6335E-05   201    34
    22700  0.5317E-05   201    30
    22800  0.5345E-05   201    32
    22900  0.5672E-05   200    33
    23000  0.4759E-05   201    34
    23100  0.6028E-05   201    36
    23200  0.5368E-05   201    33
    23300  0.6521E-05   192    28
    23400  0.5569E-05   200    37
    23500  0.8174E-05   201    32
    23600  0.4008E-05   201    35
    23700  0.4808E-05   201    26
    23800  0.7046E-05   201    31
    23900  0.6432E-05   201    38
    24000  0.6361E-05   201    30
    24100  0.4835E-05   201    37
    24200  0.4350E-05   201    30
    24300  0.5977E-05   200    34
    24400  0.8318E-05   201    31
    24500  0.7311E-05   201    42
    24600  0.7552E-05   201    31
    24700  0.5796E-05   198    28
    24800  0.6698E-05   201    31
    24900  0.4395E-05   201    33
    25000  0.5798E-05   200    28
    25100  0.6838E-05   199    31
    25200  0.5625E-05   200    43
    25300  0.5474E-05   201    37
    25400  0.6400E-05   200    31
    25500  0.4825E-05   201    36
    25600  0.3944E-05   200    37
    25700  0.3954E-05   201    32
    25800  0.5691E-05   201    29
    25900  0.7169E-05   201    32
    26000  0.5370E-05   201    28
    26100  0.7330E-05   196    30
    26200  0.4505E-05   201    28
    26300  0.4453E-05   200    34
    26400  0.6135E-05   201    32
    26500  0.5289E-05   196    26
    26600  0.7685E-05   199    35
    26700  0.8089E-05   200    31
    26800  0.7676E-05   201    29
    26900  0.5182E-05   201    33
    27000  0.7034E-05   200    35
    27100  0.6727E-05   201    32
    27200  0.6650E-05   199    30
    27300  0.5790E-05   201    33
    27400  0.5813E-05   201    32
    27500  0.7095E-05   201    31
    27600  0.6926E-05   201    36
    27700  0.4844E-05   198    27
    27800  0.5061E-05   200    41
    27900  0.6116E-05   201    30
    28000  0.6633E-05   201    39
    28100  0.6138E-05   201    38
    28200  0.4520E-05   200    28
    28300  0.6334E-05   201    29
    28400  0.7494E-05   201    31
    28500  0.9193E-05   201    31
    28600  0.5487E-05   200    36
    28700  0.7633E-05   201    30
    28800  0.6143E-05   201    32
    28900  0.7496E-05   201    33
    29000  0.9234E-05   201    30
    29100  0.8548E-05   201    31
    29200  0.6785E-05   201    31
    29300  0.6231E-05   201    33
    29400  0.6202E-05   201    32
    29500  0.5136E-05   201    33
    29600  0.4557E-05   201    30
    29700  0.7169E-05   200    30
    29800  0.5152E-05   201    32
    29900  0.5421E-05   200    28
    30000  0.4952E-05   201    30
