      100  0.1935E+02   201     2
      200  0.1750E+02   201     2
      300  0.1570E+02   201     2
      400  0.1395E+02   201     2
      500  0.1274E+02   201     2
      600  0.1189E+02   111     2
      700  0.1132E+02   112     2
      800  0.1095E+02   201     3
      900  0.1072E+02   201     3
     1000  0.1156E+02   201     3
     1100  0.1217E+02   201     3
     1200  0.1207E+02   201     3
     1300  0.1150E+02   178     3
     1400  0.1091E+02   147     3
     1500  0.1034E+02   119     3
     1600  0.9953E+01   120     3
     1700  0.9678E+01   121     3
     1800  0.9832E+01   201     4
     1900  0.1010E+02   201     4
     2000  0.1034E+02   200     4
     2100  0.1057E+02   190     4
     2200  0.1054E+02   178     4
     2300  0.1037E+02   161     4
     2400  0.1023E+02   122     4
     2500  0.1013E+02   201     5
     2600  0.1004E+02   201     5
     2700  0.9967E+01   201     5
     2800  0.9853E+01   201     5
     2900  0.9716E+01   201     5
     3000  0.9559E+01   191     5
     3100  0.9396E+01   178     5
     3200  0.9223E+01   168     5
     3300  0.9056E+01   157     5
     3400  0.8916E+01   137     5
     3500  0.8812E+01   138     5
     3600  0.8929E+01   195     6
     3700  0.9072E+01   200     6
     3800  0.9223E+01   191     6
     3900  0.9330E+01   181     6
     4000  0.9457E+01   170     6
     4100  0.9559E+01   163     6
     4200  0.9799E+01   139     6
     4300  0.9763E+01   140     6
     4400  0.9655E+01   141     6
     4500  0.9561E+01   201     7
     4600  0.9441E+01   201     7
     4700  0.9323E+01   198     7
     4800  0.9196E+01   191     7
     4900  0.9069E+01   184     7
     5000  0.8934E+01   177     7
     5100  0.8801E+01   170     7
     5200  0.8667E+01   162     7
     5300  0.8548E+01   150     7
     5400  0.8501E+01   200     8
     5500  0.8574E+01   194     8
     5600  0.8633E+01   188     8
     5700  0.8689E+01   184     8
     5800  0.8767E+01   175     8
     5900  0.8814E+01   169     8
     6000  0.8864E+01   166     8
     6100  0.8911E+01   157     8
     6200  0.9092E+01   154     8
     6300  0.9087E+01   155     8
     6400  0.8984E+01   155     8
     6500  0.8886E+01   199     9
     6600  0.8771E+01   194     9
     6700  0.8659E+01   189     9
     6800  0.8547E+01   184     9
     6900  0.8431E+01   178     9
     7000  0.8333E+01   174     9
     7100  0.8221E+01   164     9
     7200  0.8108E+01   163     9
     7300  0.8136E+01   198    10
     7400  0.8157E+01   196    10
     7500  0.8196E+01   189    10
     7600  0.8236E+01   184    10
     7700  0.8240E+01   181    10
     7800  0.8283E+01   175    10
     7900  0.8286E+01   172    10
     8000  0.8355E+01   167    10
     8100  0.8450E+01   167    10
     8200  0.8418E+01   167    10
     8300  0.8324E+01   200    11
     8400  0.8220E+01   197    11
     8500  0.8133E+01   192    11
     8600  0.8041E+01   189    11
     8700  0.7906E+01   185    11
     8800  0.7794E+01   178    11
     8900  0.7673E+01   176    11
     9000  0.7577E+01   175    11
     9100  0.7516E+01   201    12
     9200  0.7581E+01   197    12
     9300  0.7632E+01   193    12
     9400  0.7627E+01   191    12
     9500  0.7671E+01   186    12
     9600  0.7696E+01   182    12
     9700  0.7715E+01   180    12
     9800  0.7763E+01   179    12
     9900  0.7800E+01   178    12
    10000  0.7762E+01   177    12
    10100  0.7684E+01   201    13
    10200  0.7600E+01   199    13
    10300  0.7515E+01   192    13
    10400  0.7416E+01   191    13
    10500  0.7291E+01   188    13
    10600  0.7169E+01   187    13
    10700  0.7054E+01   185    13
    10800  0.6950E+01   184    13
    10900  0.6862E+01   183    13
    11000  0.6867E+01   199    14
    11100  0.6890E+01   196    14
    11200  0.6890E+01   193    14
    11300  0.6951E+01   189    14
    11400  0.7002E+01   185    14
    11500  0.6992E+01   188    14
    11600  0.6984E+01   187    14
    11700  0.6963E+01   186    14
    11800  0.6942E+01   201    15
    11900  0.6936E+01   201    15
    12000  0.6825E+01   199    15
    12100  0.6759E+01   198    15
    12200  0.6737E+01   196    15
    12300  0.6614E+01   195    15
    12400  0.6498E+01   193    15
    12500  0.6374E+01   191    15
    12600  0.6280E+01   188    15
    12700  0.6177E+01   186    15
    12800  0.6190E+01   200    16
    12900  0.6186E+01   199    16
    13000  0.6175E+01   198    16
    13100  0.6159E+01   196    16
    13200  0.6098E+01   195    16
    13300  0.6066E+01   186    16
    13400  0.5962E+01   191    16
    13500  0.5905E+01   189    16
    13600  0.5883E+01   201    17
    13700  0.5806E+01   201    17
    13800  0.5714E+01   201    17
    13900  0.5655E+01   201    17
    14000  0.5606E+01   199    17
    14100  0.5581E+01   200    17
    14200  0.5492E+01   195    17
    14300  0.5536E+01   173    16
    14400  0.5451E+01   174    16
    14500  0.5401E+01   175    16
    14600  0.5435E+01   200    18
    14700  0.5408E+01   198    18
    14800  0.5385E+01   196    18
    14900  0.5331E+01   199    18
    15000  0.5326E+01   197    18
    15100  0.5338E+01   196    18
    15200  0.5344E+01   190    18
    15300  0.5301E+01   189    18
    15400  0.5318E+01   188    18
    15500  0.5310E+01   187    18
    15600  0.5206E+01   188    18
    15700  0.5120E+01   188    18
    15800  0.5022E+01   201    19
    15900  0.4955E+01   200    19
    16000  0.4859E+01   199    19
    16100  0.4742E+01   198    19
    16200  0.4633E+01   198    19
    16300  0.4580E+01   193    19
    16400  0.4552E+01   180    18
    16500  0.4431E+01   194    19
    16600  0.4455E+01   200    20
    16700  0.4430E+01   201    20
    16800  0.4548E+01   186    19
    16900  0.4636E+01   187    19
    17000  0.4585E+01   196    20
    17100  0.4543E+01   197    20
    17200  0.4509E+01   196    20
    17300  0.4528E+01   195    20
    17400  0.4646E+01   192    20
    17500  0.4592E+01   193    20
    17600  0.4573E+01   193    20
    17700  0.4557E+01   194    20
    17800  0.4506E+01   194    20
    17900  0.4526E+01   194    20
    18000  0.4500E+01   201    21
    18100  0.4437E+01   198    21
    18200  0.4364E+01   198    21
    18300  0.4277E+01   198    21
    18400  0.4217E+01   198    21
    18500  0.4110E+01   199    21
    18600  0.4013E+01   199    21
    18700  0.3969E+01   199    21
    18800  0.3953E+01   199    21
    18900  0.3926E+01   192    21
    19000  0.3838E+01   193    21
    19100  0.3899E+01   199    22
    19200  0.3992E+01   198    22
    19300  0.3934E+01   199    22
    19400  0.3900E+01   200    22
    19500  0.4011E+01   188    21
    19600  0.3910E+01   189    21
    19700  0.3853E+01   189    21
    19800  0.3843E+01   190    21
    19900  0.3836E+01   190    21
    20000  0.3812E+01   197    22
    20100  0.3846E+01   179    20
    20200  0.3812E+01   201    23
    20300  0.3816E+01   201    23
    20400  0.3927E+01   170    19
    20500  0.3920E+01   201    23
    20600  0.3865E+01   201    23
    20700  0.3830E+01   200    23
    20800  0.3761E+01   201    23
    20900  0.3788E+01   176    20
    21000  0.3736E+01   177    20
    21100  0.3688E+01   177    20
    21200  0.3645E+01   198    23
    21300  0.3627E+01   198    23
    21400  0.3562E+01   197    23
    21500  0.3520E+01   198    23
    21600  0.3471E+01   196    23
    21700  0.3440E+01   201    24
    21800  0.3378E+01   201    24
    21900  0.3381E+01   200    24
    22000  0.3436E+01   201    24
    22100  0.3401E+01   199    24
    22200  0.3373E+01   200    24
    22300  0.3324E+01   201    24
    22400  0.3303E+01   199    24
    22500  0.3234E+01   199    24
    22600  0.3277E+01   197    24
    22700  0.3207E+01   198    24
    22800  0.3227E+01   199    24
    22900  0.3373E+01   197    24
    23000  0.3280E+01   197    24
    23100  0.3273E+01   195    24
    23200  0.3270E+01   165    19
    23300  0.3264E+01   182    22
    23400  0.3289E+01   194    24
    23500  0.3388E+01   187    23
    23600  0.3461E+01   193    24
    23700  0.3375E+01   194    24
    23800  0.3423E+01   192    24
    23900  0.3484E+01   192    24
    24000  0.3424E+01   192    24
    24100  0.3340E+01   193    24
    24200  0.3283E+01   193    24
    24300  0.3196E+01   193    24
    24400  0.3200E+01   159    18
    24500  0.3112E+01   193    24
    24600  0.3064E+01   197    25
    24700  0.3053E+01   198    25
    24800  0.3060E+01   138    13
    24900  0.3003E+01   197    25
    25000  0.2976E+01   197    25
    25100  0.2976E+01   187    25
    25200  0.2952E+01   177    22
    25300  0.2950E+01   153    17
    25400  0.2938E+01   201    26
    25500  0.2964E+01   167    20
    25600  0.2871E+01   177    22
    25700  0.2938E+01   145    15
    25800  0.2910E+01   171    21
    25900  0.2883E+01   187    24
    26000  0.2894E+01   170    21
    26100  0.2859E+01   171    21
    26200  0.2927E+01   186    24
    26300  0.2965E+01   201    27
    26400  0.2882E+01   198    26
    26500  0.2844E+01   198    26
    26600  0.2904E+01   197    26
    26700  0.2856E+01   197    26
    26800  0.2958E+01   194    26
    26900  0.2986E+01   195    26
    27000  0.2952E+01   196    26
    27100  0.2833E+01   196    26
    27200  0.2807E+01   196    26
    27300  0.2828E+01   184    24
    27400  0.2755E+01   185    24
    27500  0.2783E+01   148    16
    27600  0.2787E+01   200    27
    27700  0.2823E+01   178    23
    27800  0.2702E+01   200    27
    27900  0.2646E+01   200    27
    28000  0.2610E+01   194    26
    28100  0.2555E+01   200    27
    28200  0.2657E+01   164    20
    28300  0.2634E+01   182    24
    28400  0.2672E+01   144    15
    28500  0.2703E+01   183    24
    28600  0.2638E+01   184    24
    28700  0.2580E+01   184    24
    28800  0.2549E+01   192    26
    28900  0.2629E+01   176    23
    29000  0.2620E+01   200    28
    29100  0.2749E+01   199    28
    29200  0.2714E+01   201    28
    29300  0.2630E+01   201    28
    29400  0.2551E+01   201    28
    29500  0.2517E+01   201    28
    29600  0.2469E+01   201    28
    29700  0.2503E+01   194    27
    29800  0.2505E+01   171    22
    29900  0.2622E+01   134    12
    30000  0.2488E+01   196    27
