      100  0.2050E+02   201     2
      200  0.1306E+02   201     3
      300  0.1147E+02   118     3
      400  0.1210E+02   120     4
      500  0.1102E+02   171     5
      600  0.1112E+02   165     6
      700  0.1120E+02   195     7
      800  0.1043E+02   195     8
      900  0.1079E+02   154     8
     1000  0.1023E+02   176     9
     1100  0.1022E+02   159    10
     1200  0.9644E+01   186    12
     1300  0.9088E+01   179    13
     1400  0.9014E+01   176    14
     1500  0.8339E+01   187    16
     1600  0.7706E+01   200    18
     1700  0.7046E+01   198    19
     1800  0.6699E+01   189    20
     1900  0.5969E+01   200    22
     2000  0.5557E+01   188    22
     2100  0.5210E+01   199    24
     2200  0.4797E+01   198    25
     2300  0.4734E+01   179    23
     2400  0.4242E+01   198    27
     2500  0.4065E+01   195    27
     2600  0.3978E+01   180    25
     2700  0.3725E+01   197    29
     2800  0.3588E+01   199    30
     2900  0.3259E+01   201    31
     3000  0.3408E+01   185    28
     3100  0.3043E+01   200    32
     3200  0.3071E+01   188    30
     3300  0.3077E+01   182    29
     3400  0.2617E+01   200    34
     3500  0.2754E+01   187    31
     3600  0.2493E+01   185    31
     3700  0.2728E+01   197    35
     3800  0.2386E+01   194    34
     3900  0.2306E+01   151    21
     4000  0.2116E+01   200    37
     4100  0.2166E+01   167    26
     4200  0.2157E+01   180    31
     4300  0.2125E+01   185    33
     4400  0.2243E+01   154    22
     4500  0.2039E+01   178    31
     4600  0.1893E+01   173    30
     4700  0.1734E+01   197    38
     4800  0.1808E+01   187    35
     4900  0.1825E+01   181    33
     5000  0.2074E+01   191    37
     5100  0.1410E+01   201    41
     5200  0.1609E+01   153    22
     5300  0.1763E+01   199    41
     5400  0.1763E+01   181    34
     5500  0.1343E+01   191    40
     5600  0.1336E+01   179    33
     5700  0.1513E+01   197    41
     5800  0.1349E+01   164    27
     5900  0.1074E+01   201    43
     6000  0.1341E+01   166    28
     6100  0.1031E+01   200    43
     6200  0.1492E+01   182    36
     6300  0.1796E+01   195    42
     6400  0.1235E+01   198    43
     6500  0.1175E+01   190    39
     6600  0.8702E+00   200    44
     6700  0.1027E+01   197    43
     6800  0.8337E+00   199    44
     6900  0.9135E+00   188    41
     7000  0.7661E+00   201    45
     7100  0.7701E+00   200    45
     7200  0.7916E+00   201    45
     7300  0.6689E+00   196    43
     7400  0.6802E+00   198    44
     7500  0.6959E+00   170    31
     7600  0.1138E+01   181    36
     7700  0.1167E+01   179    35
     7800  0.5771E+00   201    46
     7900  0.5662E+00   200    46
     8000  0.5484E+00   199    45
     8100  0.7602E+00   190    41
     8200  0.5582E+00   187    39
     8300  0.5021E+00   199    45
     8400  0.7709E+00   193    43
     8500  0.1150E+01   189    41
     8600  0.9342E+00   197    47
     8700  0.1045E+01   199    46
     8800  0.4168E+00   199    46
     8900  0.5647E+00   179    36
     9000  0.4332E+00   194    43
     9100  0.5576E+00   177    34
     9200  0.6001E+00   193    44
     9300  0.3250E+00   201    48
     9400  0.4442E+00   190    41
     9500  0.3204E+00   201    47
     9600  0.4608E+00   190    42
     9700  0.4524E+00   197    45
     9800  0.2794E+00   194    43
     9900  0.2605E+00   198    46
    10000  0.7417E+00   194    44
    10100  0.2382E+00   201    48
    10200  0.2333E+00   201    48
    10300  0.6815E+00   173    33
    10400  0.2288E+00   201    48
    10500  0.2556E+00   196    44
    10600  0.2002E+00   201    48
    10700  0.1869E+00   201    48
    10800  0.4769E+00   201    49
    10900  0.2063E+00   201    47
    11000  0.4759E+00   184    39
    11100  0.1543E+00   200    48
    11200  0.1459E+00   201    48
    11300  0.1817E+00   195    44
    11400  0.1306E+00   201    48
    11500  0.1299E+00   200    48
    11600  0.1232E+00   200    48
    11700  0.2604E+00   196    45
    11800  0.1040E+00   196    45
    11900  0.1064E+00   200    48
    12000  0.9907E-01   200    48
    12100  0.9298E-01   200    48
    12200  0.8788E-01   200    48
    12300  0.8311E-01   200    48
    12400  0.7859E-01   200    48
    12500  0.7415E-01   200    48
    12600  0.6989E-01   200    48
    12700  0.6582E-01   200    48
    12800  0.6194E-01   200    48
    12900  0.5824E-01   200    48
    13000  0.5471E-01   200    48
    13100  0.1392E+00   199    48
    13200  0.4950E-01   199    47
    13300  0.4656E-01   200    48
    13400  0.4328E-01   200    48
    13500  0.4016E-01   200    48
    13600  0.3719E-01   200    48
    13700  0.3442E-01   200    48
    13800  0.3182E-01   201    49
    13900  0.2941E-01   201    49
    14000  0.2716E-01   201    49
    14100  0.2503E-01   201    49
    14200  0.2304E-01   201    49
    14300  0.2115E-01   201    49
    14400  0.1936E-01   201    49
    14500  0.1768E-01   201    49
    14600  0.1609E-01   201    49
    14700  0.1460E-01   201    49
    14800  0.1321E-01   201    49
    14900  0.1190E-01   201    49
    15000  0.1068E-01   201    49
    15100  0.9550E-02   200    48
    15200  0.8503E-02   200    48
    15300  0.7534E-02   200    48
    15400  0.6649E-02   200    48
    15500  0.5840E-02   200    48
    15600  0.5104E-02   201    48
    15700  0.4438E-02   201    48
    15800  0.3838E-02   201    48
    15900  0.3301E-02   201    48
    16000  0.2822E-02   201    48
    16100  0.2397E-02   201    48
    16200  0.2023E-02   201    48
    16300  0.1695E-02   201    48
    16400  0.1409E-02   201    48
    16500  0.1162E-02   201    48
    16600  0.9503E-03   201    48
    16700  0.7695E-03   201    48
    16800  0.6167E-03   201    48
    16900  0.4886E-03   201    48
    17000  0.3824E-03   201    48
    17100  0.2951E-03   201    48
    17200  0.2243E-03   201    48
    17300  0.1676E-03   201    48
    17400  0.1230E-03   201    48
    17500  0.8851E-04   201    47
    17600  0.6257E-04   201    46
    17700  0.4377E-04   201    46
    17800  0.3091E-04   201    46
    17900  0.2286E-04   201    46
    18000  0.1836E-04   201    46
    18100  0.1597E-04   198    47
    18200  0.1447E-04   198    47
    18300  0.1317E-04   200    48
    18400  0.1180E-04   200    48
    18500  0.1034E-04   201    48
    18600  0.8843E-05   201    48
    18700  0.7372E-05   201    48
    18800  0.5992E-05   201    48
    18900  0.4749E-05   201    48
    19000  0.3668E-05   201    48
    19100  0.2759E-05   201    48
    19200  0.2018E-05   201    48
    19300  0.1436E-05   201    46
    19400  0.9973E-06   201    46
    19500  0.6839E-06   201    46
    19600  0.4781E-06   201    46
    19700  0.3585E-06   201    46
    19800  0.2967E-06   198    47
    19900  0.2626E-06   199    47
    20000  0.2363E-06   200    48
    20100  0.2095E-06   200    48
    20200  0.1807E-06   201    48
    20300  0.1512E-06   201    48
    20400  0.1226E-06   201    48
    20500  0.9631E-07   201    48
    20600  0.7339E-07   201    48
    20700  0.5426E-07   201    48
    20800  0.3900E-07   201    46
    20900  0.2762E-07   201    46
    21000  0.1974E-07   201    46
    21100  0.1494E-07   201    46
    21200  0.1139E-07   201    46
    21300  0.1130E-07   198    47
    21400  0.1012E-07    99    32
    21500  0.8972E-08   100    49
    21600  0.9046E-08   101    28
    21700  0.8746E-08   101    34
    21800  0.9001E-08   100     5
    21900  0.8367E-08   101    34
    22000  0.7067E-08   101    41
    22100  0.7664E-08   101    34
    22200  0.7864E-08   101    15
    22300  0.7347E-08    99    37
    22400  0.7378E-08   101    33
    22500  0.7986E-08   101     2
    22600  0.8268E-08   101    31
    22700  0.7256E-08   100    12
    22800  0.7664E-08   101    34
    22900  0.8085E-08   101    35
    23000  0.8429E-08   101    20
    23100  0.8127E-08   101    32
    23200  0.7260E-08    98    31
    23300  0.7838E-08   101    31
    23400  0.8245E-08   101    31
    23500  0.8285E-08   101     9
    23600  0.8408E-08   101    27
    23700  0.6892E-08   100    13
    23800  0.8235E-08   100    47
    23900  0.7353E-08   100    10
    24000  0.7856E-08   100    23
    24100  0.7852E-08    99    44
    24200  0.7959E-08   101    46
    24300  0.8050E-08   101    50
    24400  0.7678E-08   100    40
    24500  0.7805E-08   101    32
    24600  0.7362E-08   101    30
    24700  0.9375E-08   101     5
    24800  0.7823E-08   101     5
    24900  0.7324E-08   100    17
    25000  0.7771E-08   100     2
    25100  0.7646E-08   100    35
    25200  0.7690E-08   101     5
    25300  0.8478E-08   101     2
    25400  0.7534E-08   101    19
    25500  0.7995E-08   101    46
    25600  0.8168E-08   100    34
    25700  0.7488E-08   101     2
    25800  0.6933E-08    97     2
    25900  0.7913E-08   101    45
    26000  0.7844E-08   101    16
    26100  0.7350E-08   101    13
    26200  0.7328E-08   101    46
    26300  0.7751E-08   101    31
    26400  0.7130E-08   101    31
    26500  0.8087E-08    99     5
    26600  0.6950E-08   101    21
    26700  0.6813E-08   101    17
    26800  0.9032E-08   101    50
    26900  0.6855E-08   101    18
    27000  0.8164E-08    96     5
    27100  0.8146E-08   100     2
    27200  0.8188E-08   100    32
    27300  0.8234E-08   101    24
    27400  0.7311E-08   101    10
    27500  0.7521E-08   101     2
    27600  0.7966E-08   100    31
    27700  0.7396E-08   101    15
    27800  0.7748E-08   100    14
    27900  0.6701E-08   101     6
    28000  0.8252E-08   100    31
    28100  0.7774E-08   101    24
    28200  0.7439E-08   101    17
    28300  0.7485E-08   100    50
    28400  0.8015E-08   100    31
    28500  0.7027E-08   101    15
    28600  0.7450E-08    98     7
    28700  0.8442E-08   101     2
    28800  0.7396E-08   101     5
    28900  0.7448E-08   101     9
    29000  0.7470E-08   101    50
    29100  0.7334E-08   101     3
    29200  0.8316E-08   101    17
    29300  0.7887E-08   101     5
    29400  0.7749E-08   101     7
    29500  0.8052E-08   100    37
    29600  0.7574E-08   101    31
    29700  0.7980E-08   100    31
    29800  0.7892E-08   101    34
    29900  0.7671E-08   101     5
    30000  0.7590E-08   101    46
