      100  0.3201E+02   172     2
      200  0.2407E+02   201     3
      300  0.9539E+01   200     2
      400  0.5905E+01   198     2
      500  0.4494E+01   178    22
      600  0.3594E+01   175    23
      700  0.3541E+01   201     7
      800  0.2608E+01   195    31
      900  0.2402E+01   179    27
     1000  0.1902E+01   199    34
     1100  0.1451E+01   196    34
     1200  0.1249E+01   185    30
     1300  0.1041E+01   180    29
     1400  0.9160E+00   198    37
     1500  0.8242E+00   201    39
     1600  0.7946E+00   191    34
     1700  0.6644E+00   197    39
     1800  0.5853E+00   192    34
     1900  0.6338E+00   186    33
     2000  0.7522E+00   188    34
     2100  0.2057E+00   200    40
     2200  0.6132E+00   192    36
     2300  0.2817E+00   201    40
     2400  0.9717E-01   201    41
     2500  0.7288E-01   201    41
     2600  0.5690E-01   201    41
     2700  0.4013E-01   201    41
     2800  0.2868E-01   201    41
     2900  0.1955E-01   201    41
     3000  0.1255E-01   201    41
     3100  0.7465E-02   201    41
     3200  0.4020E-02   201    41
     3300  0.1900E-02   201    41
     3400  0.7542E-03   201    41
     3500  0.2332E-03   201    40
     3600  0.4993E-04   201    39
     3700  0.1575E-04   198    39
     3800  0.9466E-05   201    41
     3900  0.3735E-05   201    37
     4000  0.2751E-05   201    45
     4100  0.1827E-05   199    37
     4200  0.3621E-05   200    40
     4300  0.2049E-05   201    40
     4400  0.2377E-05   201    47
     4500  0.2245E-05   199    36
     4600  0.2918E-05   193    36
     4700  0.2684E-05   201    40
     4800  0.2294E-05   201    39
     4900  0.2175E-05   200    40
     5000  0.2308E-05   200    39
     5100  0.2035E-05   200    47
     5200  0.3225E-05   201    40
     5300  0.4282E-05   201    42
     5400  0.2705E-05   199    35
     5500  0.2367E-05   201    39
     5600  0.1877E-05   200    41
     5700  0.5090E-05   199    39
     5800  0.4126E-05   200    37
     5900  0.2762E-05   201    34
     6000  0.2841E-05   200    40
     6100  0.2255E-05   201    39
     6200  0.2966E-05   201    40
     6300  0.3118E-05   200    40
     6400  0.2173E-05   200    41
     6500  0.3161E-05   201    38
     6600  0.2030E-05   201    41
     6700  0.2471E-05   201    38
     6800  0.2502E-05   199    41
     6900  0.3230E-05   201    41
     7000  0.1590E-05   200    42
     7100  0.2830E-05   200    39
     7200  0.2625E-05   199    40
     7300  0.3014E-05   201    37
     7400  0.2491E-05   194    37
     7500  0.2790E-05   200    40
     7600  0.2361E-05   201    42
     7700  0.3230E-05   201    40
     7800  0.2985E-05   194    36
     7900  0.3253E-05   201    32
     8000  0.4184E-05   200    39
     8100  0.2166E-05   194    34
     8200  0.3344E-05   184    32
     8300  0.2797E-05   201    39
     8400  0.4568E-05   193    35
     8500  0.2608E-05   195    38
     8600  0.2481E-05   201    41
     8700  0.2435E-05   201    41
     8800  0.3342E-05   201    36
     8900  0.2191E-05   201    40
     9000  0.1966E-05   191    36
     9100  0.3997E-05   201    42
     9200  0.2004E-05   196    39
     9300  0.3025E-05   201    42
     9400  0.3056E-05   201    34
     9500  0.1781E-05   200    39
     9600  0.2842E-05   201    39
     9700  0.2733E-05   198    38
     9800  0.2190E-05   200    40
     9900  0.2701E-05   191    33
    10000  0.2294E-05   201    38
    10100  0.3556E-05   194    39
    10200  0.1767E-05   200    41
    10300  0.2864E-05   198    37
    10400  0.2494E-05   201    38
    10500  0.2188E-05   201    40
    10600  0.3359E-05   200    40
    10700  0.3231E-05   197    38
    10800  0.3276E-05   201    41
    10900  0.2887E-05   199    39
    11000  0.2981E-05   198    35
    11100  0.2553E-05   194    38
    11200  0.2542E-05   201    40
    11300  0.3198E-05   201    41
    11400  0.3278E-05   200    35
    11500  0.3474E-05   196    35
    11600  0.3623E-05   195    36
    11700  0.3664E-05   200    42
    11800  0.2301E-05   201    39
    11900  0.3186E-05   201    40
    12000  0.3076E-05   193    37
    12100  0.2518E-05   200    40
    12200  0.2839E-05   194    37
    12300  0.3195E-05   196    37
    12400  0.2779E-05   199    33
    12500  0.1937E-05   201    47
    12600  0.3429E-05   199    41
    12700  0.2565E-05   201    42
    12800  0.2494E-05   200    42
    12900  0.2753E-05   201    40
    13000  0.2558E-05   201    40
    13100  0.1775E-05   201    39
    13200  0.2404E-05   201    42
    13300  0.2072E-05   201    50
    13400  0.1846E-05   200    39
    13500  0.2168E-05   201    47
    13600  0.3707E-05   201    41
    13700  0.2583E-05   200    41
    13800  0.3373E-05   201    43
    13900  0.2478E-05   190    36
    14000  0.2257E-05   200    46
    14100  0.2500E-05   189    34
    14200  0.2958E-05   201    39
    14300  0.3327E-05   201    40
    14400  0.3089E-05   201    39
    14500  0.3128E-05   201    40
    14600  0.2510E-05   201    32
    14700  0.2053E-05   201    40
    14800  0.2769E-05   201    34
    14900  0.2520E-05   200    39
    15000  0.3349E-05   201    40
    15100  0.3121E-05   200    46
    15200  0.3019E-05   201    41
    15300  0.3297E-05   200    34
    15400  0.3517E-05   198    36
    15500  0.1866E-05   200    42
    15600  0.3602E-05   197    38
    15700  0.4221E-05   195    38
    15800  0.2935E-05   200    41
    15900  0.3207E-05   201    39
    16000  0.2608E-05   200    42
    16100  0.3297E-05   201    40
    16200  0.1806E-05   195    31
    16300  0.2953E-05   201    45
    16400  0.2504E-05   198    37
    16500  0.3275E-05   201    42
    16600  0.2403E-05   200    40
    16700  0.2490E-05   201    39
    16800  0.2340E-05   200    50
    16900  0.2466E-05   200    39
    17000  0.2768E-05   198    40
    17100  0.3390E-05   200    38
    17200  0.3285E-05   201    42
    17300  0.3089E-05   201    39
    17400  0.2294E-05   193    39
    17500  0.4203E-05   201    40
    17600  0.2480E-05   201    36
    17700  0.4444E-05   197    35
    17800  0.2414E-05   195    38
    17900  0.2655E-05   199    34
    18000  0.2664E-05   194    36
    18100  0.2679E-05   201    40
    18200  0.2961E-05   201    41
    18300  0.2568E-05   201    43
    18400  0.3472E-05   193    36
    18500  0.2467E-05   201    40
    18600  0.2165E-05   201    39
    18700  0.2301E-05   200    40
    18800  0.3263E-05   199    39
    18900  0.3159E-05   197    39
    19000  0.3093E-05   198    39
    19100  0.2799E-05   201    42
    19200  0.2052E-05   201    43
    19300  0.2931E-05   196    36
    19400  0.3104E-05   200    40
    19500  0.2153E-05   201    41
    19600  0.3283E-05   200    41
    19700  0.3008E-05   201    43
    19800  0.2080E-05   200    40
    19900  0.4177E-05   200    34
    20000  0.3483E-05   195    37
    20100  0.1860E-05   201    41
    20200  0.2587E-05   198    38
    20300  0.1496E-05   201    38
    20400  0.3136E-05   201    30
    20500  0.2055E-05   201    39
    20600  0.2971E-05   200    41
    20700  0.2833E-05   201    38
    20800  0.2903E-05   201    35
    20900  0.2601E-05   200    42
    21000  0.2891E-05   200    39
    21100  0.3069E-05   196    37
    21200  0.1864E-05   201    39
    21300  0.3305E-05   199    37
    21400  0.3603E-05   193    37
    21500  0.2733E-05   201    39
    21600  0.3503E-05   191    35
    21700  0.2633E-05   199    41
    21800  0.3221E-05   197    39
    21900  0.3323E-05   201    40
    22000  0.3147E-05   199    40
    22100  0.2214E-05   200    40
    22200  0.2090E-05   200    39
    22300  0.2541E-05   201    39
    22400  0.2106E-05   195    37
    22500  0.3113E-05   201    35
    22600  0.2966E-05   200    31
    22700  0.2701E-05   201    42
    22800  0.1638E-05   200    32
    22900  0.2610E-05   198    36
    23000  0.2841E-05   191    35
    23100  0.2582E-05   201    40
    23200  0.2594E-05   201    40
    23300  0.3529E-05   201    40
    23400  0.2935E-05   200    41
    23500  0.2323E-05   198    38
    23600  0.2974E-05   199    39
    23700  0.3464E-05   201    41
    23800  0.2191E-05   199    41
    23900  0.2662E-05   200    43
    24000  0.2136E-05   201    43
    24100  0.2340E-05   200    34
    24200  0.3578E-05   201    39
    24300  0.2293E-05   201    42
    24400  0.3527E-05   198    35
    24500  0.3700E-05   198    39
    24600  0.2563E-05   200    41
    24700  0.2295E-05   200    42
    24800  0.3142E-05   201    40
    24900  0.2748E-05   191    34
    25000  0.3555E-05   201    41
    25100  0.2194E-05   201    40
    25200  0.4833E-05   200    38
    25300  0.2823E-05   200    46
    25400  0.3384E-05   201    39
    25500  0.2767E-05   201    41
    25600  0.2918E-05   201    41
    25700  0.2999E-05   200    40
    25800  0.5387E-05   201    40
    25900  0.2732E-05   197    37
    26000  0.2885E-05   194    38
    26100  0.2868E-05   201    41
    26200  0.2320E-05   200    40
    26300  0.2726E-05   199    39
    26400  0.3401E-05   200    46
    26500  0.3183E-05   201    40
    26600  0.3320E-05   199    37
    26700  0.3636E-05   201    40
    26800  0.3434E-05   200    40
    26900  0.2925E-05   195    36
    27000  0.2372E-05   201    38
    27100  0.2310E-05   201    40
    27200  0.2360E-05   200    42
    27300  0.3578E-05   201    36
    27400  0.2528E-05   201    43
    27500  0.3622E-05   201    40
    27600  0.2490E-05   201    41
    27700  0.3274E-05   200    41
    27800  0.2899E-05   201    38
    27900  0.2601E-05   200    43
    28000  0.2712E-05   200    38
    28100  0.2252E-05   200    42
    28200  0.2927E-05   201    40
    28300  0.2853E-05   201    39
    28400  0.2517E-05   196    39
    28500  0.2155E-05   201    39
    28600  0.2450E-05   201    41
    28700  0.2745E-05   201    41
    28800  0.2902E-05   200    42
    28900  0.2201E-05   200    37
    29000  0.3152E-05   195    37
    29100  0.2815E-05   201    33
    29200  0.1708E-05   201    44
    29300  0.3696E-05   201    40
    29400  0.3383E-05   201    38
    29500  0.4605E-05   198    35
    29600  0.2127E-05   201    40
    29700  0.2885E-05   200    37
    29800  0.2467E-05   199    41
    29900  0.2407E-05   198    38
    30000  0.3143E-05   200    50
